Player,Pos,Age,Tm,G,GS,MP,FG,FGA,FG%,3P,3PA,3P%,2P,2PA,2P%,FT,FTA,FT%,ORB,DRB,TRB,AST,STL,BLK,TOV,PF,PTS
Alaa Abdelnaby,PF,26,TOT,54,0,9.4,2.2,4.3,.511,0.0,0.0,.000,2.2,4.2,.515,.511,0.4,0.6,.571,0.7,1.4,2.1,0.2,0.3,0.2,0.8,1.9,4.7
Alaa Abdelnaby,PF,26,SAC,51,0,9.3,2.3,4.3,.532,0.0,0.0,.000,2.3,4.3,.537,.532,0.4,0.7,.571,0.7,1.4,2.1,0.3,0.3,0.2,0.8,2.0,5.0
Alaa Abdelnaby,PF,26,PHI,3,0,10.0,0.3,3.7,.091,0.0,0.0, ,0.3,3.7,.091,.091,0.0,0.0, ,1.0,1.7,2.7,0.0,0.0,0.0,1.7,0.7,0.7
Mahmoud Abdul-Rauf,PG,25,DEN,73,43,28.5,6.5,13.8,.470,1.1,2.9,.386,5.3,10.8,.492,.511,1.9,2.1,.885,0.4,1.4,1.9,3.6,1.1,0.1,1.6,1.7,16.0
Michael Adams,PG,32,CHH,29,0,15.3,2.3,5.1,.453,1.0,2.8,.358,1.3,2.3,.567,.551,0.9,1.0,.833,0.2,0.8,1.0,3.3,0.8,0.0,0.9,1.4,6.5
Rafael Addison,SF,30,DET,79,16,22.5,3.5,7.4,.476,0.3,1.1,.289,3.2,6.4,.507,.497,0.9,1.3,.747,0.8,2.2,3.1,1.4,0.7,0.3,1.0,3.0,8.3
Danny Ainge,SG,35,PHO,74,1,18.6,2.6,5.7,.460,1.1,2.9,.364,1.6,2.8,.558,.552,1.4,1.8,.808,0.3,1.1,1.5,2.8,0.6,0.1,1.1,2.1,7.7
Victor Alexander,C,25,GSW,50,29,24.7,4.6,8.9,.515,0.1,0.5,.240,4.5,8.4,.531,.521,0.7,1.2,.600,1.7,4.1,5.8,1.2,0.6,0.6,1.5,2.9,10.0
Derrick Alston,C,22,PHI,64,1,16.1,1.9,4.0,.465,0.0,0.1,.000,1.9,4.0,.472,.465,0.9,1.9,.492,1.5,1.9,3.4,0.5,0.6,0.5,0.8,1.7,4.7
Greg Anderson,PF,30,ATL,51,0,12.2,1.1,2.0,.548,0.0,0.0, ,1.1,2.0,.548,.548,0.7,1.4,.479,1.2,2.5,3.7,0.3,0.5,0.6,0.6,2.0,2.9
Kenny Anderson,PG,24,NJN,72,70,37.3,5.7,14.3,.399,1.3,4.1,.330,4.4,10.2,.426,.446,4.8,5.8,.841,1.0,2.5,3.5,9.4,1.4,0.2,3.1,2.6,17.6
Nick Anderson,SG,27,ORL,76,76,34.1,5.8,12.1,.476,2.4,5.7,.415,3.4,6.5,.528,.573,1.9,2.7,.704,1.1,3.3,4.4,4.1,1.6,0.3,1.9,1.6,15.8
Willie Anderson,SG,28,SAS,38,11,14.6,2.0,4.3,.469,0.1,0.5,.158,1.9,3.8,.510,.478,0.8,1.1,.732,0.4,1.1,1.4,1.4,0.7,0.3,1.0,1.9,4.9
Greg Anthony,PG,27,NYK,61,2,15.5,2.1,4.8,.437,0.9,2.5,.361,1.2,2.3,.522,.532,1.0,1.2,.789,0.1,0.9,1.0,2.6,0.8,0.1,0.9,1.6,6.1
B.J. Armstrong,PG,27,CHI,82,82,31.4,5.1,10.9,.468,1.3,3.1,.427,3.8,7.8,.484,.528,2.5,2.8,.884,0.3,2.0,2.3,3.0,1.0,0.1,1.3,1.9,14.0
Darrell Armstrong,PG,26,ORL,3,0,2.7,1.0,2.7,.375,0.7,2.0,.333,0.3,0.7,.500,.500,0.7,0.7,1.000,0.3,0.0,0.3,1.0,0.3,0.0,0.3,1.0,3.3
Vincent Askew,SG,28,SEA,71,1,24.2,3.5,7.1,.492,0.4,1.3,.330,3.1,5.8,.529,.523,2.5,3.4,.739,0.9,1.6,2.5,2.5,0.7,0.2,1.2,2.7,9.9
Keith Askins,SF,27,MIA,50,5,17.1,1.6,4.1,.391,0.4,1.6,.269,1.2,2.6,.465,.442,0.9,1.1,.807,1.7,2.2,4.0,0.8,0.7,0.3,0.5,2.2,4.6
Stacey Augmon,SG,26,ATL,76,76,31.1,5.2,11.5,.453,0.1,0.3,.269,5.1,11.2,.459,.457,3.3,4.6,.728,2.1,2.8,4.8,2.6,1.3,0.6,2.0,2.1,13.9
Anthony Avent,PF,25,ORL,71,3,15.0,1.5,3.4,.430,0.0,0.0, ,1.5,3.4,.430,.430,0.7,1.1,.640,1.4,2.8,4.1,0.6,0.4,0.7,0.7,2.4,3.6
Vin Baker,PF,23,MIL,82,82,41.0,7.2,15.0,.483,0.1,0.3,.292,7.2,14.7,.487,.486,3.1,5.3,.593,3.5,6.8,10.3,3.6,1.0,1.4,2.7,3.4,17.7
Charles Barkley*,PF,31,PHO,68,66,35.0,8.1,16.8,.486,1.1,3.2,.338,7.1,13.6,.521,.518,5.6,7.5,.748,3.0,8.1,11.1,4.1,1.6,0.7,2.2,3.0,23.0
Dana Barros,PG,27,PHI,82,82,40.5,7.0,14.2,.490,2.4,5.2,.464,4.6,9.0,.505,.575,4.2,4.7,.899,0.3,3.0,3.3,7.5,1.8,0.0,3.0,1.9,20.6
Jon Barry,SG,25,MIL,52,0,11.6,1.1,2.6,.425,0.3,0.9,.333,0.8,1.7,.477,.485,1.2,1.5,.763,0.3,0.7,0.9,1.6,0.6,0.1,0.8,1.0,3.7
John Battle,SG,32,CLE,28,0,10.0,1.5,4.1,.377,0.4,1.1,.355,1.1,3.0,.386,.425,0.7,0.9,.731,0.1,0.3,0.4,1.3,0.3,0.0,0.6,1.0,4.1
Sergei Bazarevich,PG,29,ATL,10,0,7.4,1.1,2.2,.500,0.1,0.6,.167,1.0,1.6,.625,.523,0.7,0.9,.778,0.1,0.6,0.7,1.4,0.1,0.1,0.7,1.0,3.0
Benoit Benjamin,C,30,NJN,61,57,26.2,4.4,8.7,.510,0.0,0.0, ,4.4,8.7,.510,.510,2.2,2.9,.760,1.5,5.7,7.2,0.6,0.4,1.0,2.0,2.5,11.1
Elmer Bennett,PG,24,CLE,4,0,4.5,1.5,2.8,.545,0.0,0.5,.000,1.5,2.3,.667,.545,0.8,1.0,.750,0.0,0.3,0.3,0.8,1.0,0.0,0.8,0.8,3.8
Tony Bennett,PG,25,CHH,3,0,15.3,2.0,4.3,.462,0.7,3.0,.222,1.3,1.3,1.000,.538,0.0,0.0, ,0.0,0.7,0.7,1.3,0.0,0.0,1.0,2.0,4.7
David Benoit,SF,26,UTA,71,67,25.9,4.0,8.3,.486,0.5,1.6,.330,3.5,6.6,.523,.518,1.9,2.2,.841,1.4,3.8,5.2,0.8,0.6,0.7,1.1,2.6,10.4
James Blackwell,PG,26,TOT,13,0,6.2,0.6,1.0,.615,0.0,0.0, ,0.6,1.0,.615,.615,0.2,0.2,.667,0.2,0.7,0.8,0.8,0.3,0.0,0.4,0.6,1.4
James Blackwell,PG,26,CHH,4,0,4.8,0.5,0.8,.667,0.0,0.0, ,0.5,0.8,.667,.667,0.0,0.0, ,0.0,0.8,0.8,1.3,0.3,0.0,0.5,0.3,1.0
James Blackwell,PG,26,BOS,9,0,6.8,0.7,1.1,.600,0.0,0.0, ,0.7,1.1,.600,.600,0.2,0.3,.667,0.2,0.7,0.9,0.7,0.3,0.0,0.3,0.8,1.6
Mookie Blaylock,PG,27,ATL,80,80,38.4,6.4,15.0,.425,2.5,6.9,.359,3.9,8.0,.482,.508,2.0,2.7,.729,1.5,3.5,4.9,7.7,2.5,0.3,3.0,2.1,17.2
Corie Blount,PF,26,CHI,68,9,13.1,1.5,3.1,.476,0.0,0.0,.000,1.5,3.1,.481,.476,0.6,1.0,.567,1.6,2.0,3.5,0.9,0.4,0.5,0.9,2.1,3.5
Muggsy Bogues,PG,30,CHH,78,78,33.7,4.5,9.4,.477,0.1,0.4,.200,4.4,9.0,.489,.481,2.1,2.3,.889,0.7,2.6,3.3,8.7,1.3,0.0,1.7,1.9,11.1
Manute Bol,C,32,GSW,5,2,16.2,1.2,2.0,.600,0.6,1.0,.600,0.6,1.0,.600,.750,0.0,0.0, ,0.2,2.2,2.4,0.0,0.0,1.8,0.2,2.0,3.0
Walter Bond,SG,25,TOT,23,0,12.6,1.7,3.7,.464,0.7,1.8,.366,1.0,1.9,.558,.554,0.6,0.9,.700,0.3,1.0,1.4,1.0,0.3,0.2,0.7,2.0,4.7
Walter Bond,SG,25,DET,5,0,10.2,0.6,2.4,.250,0.2,0.8,.250,0.4,1.6,.250,.292,0.6,0.8,.750,0.2,0.8,1.0,1.4,0.2,0.0,0.6,2.0,2.0
Walter Bond,SG,25,UTA,18,0,13.3,2.0,4.0,.500,0.8,2.1,.378,1.2,1.9,.629,.597,0.6,0.9,.688,0.4,1.1,1.5,0.9,0.3,0.2,0.8,2.1,5.4
Anthony Bonner,PF,26,NYK,58,23,19.4,1.5,3.3,.456,0.0,0.1,.200,1.5,3.2,.463,.459,0.8,1.2,.657,1.9,2.6,4.5,1.4,0.8,0.4,1.4,2.7,3.8
Anthony Bowie,SG,31,ORL,77,4,16.4,2.3,4.8,.480,0.2,0.5,.300,2.1,4.3,.502,.496,0.8,0.9,.836,0.7,1.1,1.8,2.1,0.6,0.3,1.1,1.8,5.5
Sam Bowie,C,33,LAL,67,10,18.3,1.8,4.0,.442,0.0,0.2,.182,1.7,3.8,.453,.446,1.0,1.3,.764,1.1,3.2,4.3,1.8,0.3,1.2,1.4,2.7,4.6
Shawn Bradley,C,22,PHI,82,59,28.8,3.8,8.5,.455,0.0,0.0,.000,3.8,8.4,.457,.455,1.8,2.8,.638,3.0,5.1,8.0,0.6,0.7,3.3,1.7,4.1,9.5
Terrell Brandon,PG,24,CLE,67,41,29.3,5.1,11.4,.448,0.7,1.8,.397,4.4,9.6,.457,.479,2.4,2.8,.855,0.5,2.3,2.8,5.4,1.6,0.2,2.1,1.8,13.3
Tim Breaux,SF,24,HOU,42,2,8.1,1.1,2.9,.372,0.1,0.6,.240,0.9,2.3,.406,.397,0.8,1.2,.653,0.4,0.4,0.8,0.4,0.3,0.1,0.4,0.6,3.0
Scott Brooks,PG,29,TOT,59,0,13.7,2.1,4.7,.458,0.4,1.2,.362,1.7,3.5,.490,.504,1.1,1.3,.810,0.2,0.9,1.1,2.0,0.6,0.1,0.8,0.9,5.8
Scott Brooks,PG,29,HOU,28,0,6.6,1.3,2.3,.538,0.3,0.6,.471,1.0,1.7,.563,.600,0.6,0.8,.857,0.0,0.4,0.5,0.8,0.3,0.0,0.5,0.5,3.4
Scott Brooks,PG,29,DAL,31,0,20.1,2.9,6.8,.433,0.5,1.7,.327,2.4,5.1,.468,.474,1.5,1.9,.793,0.4,1.3,1.7,3.0,0.8,0.1,1.1,1.4,7.9
Chucky Brown,SF,26,HOU,41,14,19.9,2.6,4.2,.603,0.0,0.1,.333,2.5,4.2,.608,.606,0.9,1.5,.613,1.6,3.0,4.6,0.7,0.3,0.3,0.7,2.6,6.1
Dee Brown,SG,26,BOS,79,69,35.3,5.5,12.4,.447,1.6,4.1,.385,3.9,8.2,.478,.512,3.0,3.5,.852,0.8,2.4,3.2,3.8,1.4,0.6,1.8,2.3,15.6
Mike Brown,C,31,MIN,27,0,7.9,0.4,1.5,.250,0.0,0.0,.000,0.4,1.4,.256,.250,0.6,1.0,.556,0.3,1.3,1.7,0.4,0.3,0.0,0.6,1.3,1.3
P.J. Brown,C,25,NJN,80,63,30.8,3.2,7.1,.446,0.1,0.3,.167,3.1,6.8,.458,.449,1.7,2.6,.671,2.2,3.9,6.1,1.7,0.9,1.7,1.0,3.3,8.1
Randy Brown,PG,26,SAC,67,2,16.2,1.9,4.3,.432,0.2,0.7,.298,1.6,3.6,.458,.456,0.8,1.2,.671,0.4,1.3,1.6,2.0,1.5,0.3,1.2,2.3,4.7
Mark Bryant,PF,29,POR,49,0,13.4,2.1,3.9,.526,0.0,0.0,.500,2.0,3.9,.526,.529,0.8,1.3,.651,1.1,2.2,3.3,0.6,0.4,0.3,0.8,2.2,5.0
Jud Buechler,SF,26,CHI,57,0,10.6,1.6,3.2,.492,0.3,0.8,.313,1.3,2.4,.556,.533,0.4,0.7,.564,0.6,1.1,1.7,0.9,0.4,0.2,0.5,1.1,3.8
Scott Burrell,SF,24,CHH,65,62,31.0,4.3,9.1,.467,1.5,3.6,.409,2.8,5.5,.506,.548,1.5,2.2,.694,1.5,4.2,5.7,2.5,1.2,0.6,1.3,2.9,11.5
Willie Burton,SF,26,PHI,53,31,29.5,4.6,11.4,.401,2.0,5.2,.385,2.6,6.2,.414,.488,4.2,5.0,.824,0.9,2.2,3.1,1.8,0.6,0.4,2.3,3.2,15.3
Mitchell Butler,SG,24,WSB,76,5,20.4,2.8,6.7,.421,0.6,1.9,.326,2.2,4.8,.458,.467,1.6,2.4,.665,0.6,1.7,2.2,1.2,0.8,0.1,1.4,2.0,7.9
Michael Cage,C,33,CLE,82,21,24.9,2.2,4.1,.521,0.0,0.0,.000,2.2,4.1,.524,.521,0.6,1.1,.602,2.5,4.4,6.9,0.7,0.7,0.8,0.7,1.8,5.0
Adrian Caldwell,PF,28,HOU,7,0,4.3,0.1,0.6,.250,0.0,0.0, ,0.1,0.6,.250,.250,0.4,0.9,.500,0.1,1.3,1.4,0.0,0.1,0.0,0.1,0.9,0.7
Elden Campbell,PF,26,LAL,73,59,28.4,4.9,10.8,.459,0.0,0.0,.000,4.9,10.7,.459,.459,2.6,4.0,.666,2.3,3.8,6.1,1.3,0.9,1.8,1.3,3.4,12.5
Tony Campbell,SF,32,CLE,78,0,14.5,2.1,5.0,.411,0.2,0.5,.357,1.9,4.5,.417,.430,1.7,2.0,.830,0.8,1.2,2.0,0.9,0.4,0.1,0.8,1.6,6.0
Antoine Carr,C,33,UTA,78,4,21.5,3.7,7.0,.531,0.0,0.1,.250,3.7,6.9,.533,.532,2.1,2.6,.821,1.0,2.4,3.4,0.9,0.3,0.9,1.1,3.2,9.6
Bill Cartwright,C,37,SEA,29,19,14.8,0.9,2.4,.391,0.0,0.0, ,0.9,2.4,.391,.391,0.5,0.8,.625,0.9,2.1,3.0,0.3,0.2,0.1,0.6,2.4,2.4
Sam Cassell,PG,25,HOU,82,1,23.0,3.1,7.2,.427,0.8,2.3,.330,2.3,4.9,.473,.480,2.6,3.1,.843,0.5,2.1,2.6,4.9,1.1,0.2,2.0,2.5,9.5
Duane Causwell,C,26,SAC,58,24,14.1,1.3,2.5,.517,0.0,0.0,.000,1.3,2.5,.521,.517,1.0,1.7,.582,1.0,2.0,3.0,0.3,0.2,1.4,0.6,2.5,3.6
Cedric Ceballos,SF,25,LAL,58,54,35.0,8.6,16.8,.509,1.0,2.5,.397,7.6,14.3,.528,.538,3.6,5.0,.716,2.9,5.1,8.0,1.8,1.0,0.3,2.5,2.3,21.7
Tom Chambers,PF,35,UTA,81,4,15.3,2.4,5.3,.457,0.0,0.3,.167,2.4,5.0,.474,.461,1.3,1.7,.807,0.8,1.8,2.6,0.9,0.3,0.4,0.6,2.1,6.2
Rex Chapman,SG,27,WSB,45,29,32.6,5.6,14.2,.397,1.9,6.1,.314,3.7,8.1,.460,.465,3.0,3.5,.862,0.5,2.0,2.5,2.8,1.5,0.3,1.4,1.9,16.2
Calbert Cheaney,SG,23,WSB,78,71,34.0,6.6,14.5,.453,1.2,3.6,.339,5.3,10.8,.492,.496,2.2,2.7,.812,1.3,2.8,4.1,2.3,1.0,0.3,1.9,2.8,16.6
Pete Chilcutt,PF,26,HOU,68,17,19.8,2.1,4.8,.445,0.5,1.3,.407,1.6,3.6,.459,.498,0.5,0.6,.738,1.6,3.1,4.7,1.0,0.4,0.6,0.9,1.7,5.3
Chris Childs,PG,27,NJN,53,11,19.3,2.0,5.3,.380,0.8,2.4,.328,1.2,2.9,.422,.453,1.0,1.4,.753,0.3,1.0,1.3,4.1,0.8,0.1,1.4,2.2,5.8
Doug Christie,SG,24,NYK,12,0,6.6,0.4,1.8,.227,0.1,0.6,.143,0.3,1.3,.267,.250,0.3,0.4,.800,0.3,0.8,1.1,0.7,0.2,0.1,1.1,1.5,1.3
Derrick Coleman,PF,27,NJN,56,54,37.6,6.6,15.6,.424,0.5,2.1,.233,6.1,13.5,.454,.440,6.7,8.8,.767,3.0,7.6,10.6,3.3,0.6,1.7,3.1,2.9,20.5
Bimbo Coles,PG,26,MIA,68,65,32.5,3.8,8.9,.430,0.2,1.1,.211,3.6,7.8,.461,.443,2.1,2.6,.810,0.7,2.1,2.8,6.1,1.5,0.2,2.3,2.7,10.0
Steve Colter,PG,32,CLE,57,7,13.2,1.2,3.0,.396,0.1,0.6,.229,1.0,2.4,.440,.420,0.9,1.2,.761,0.2,0.8,1.0,1.8,0.5,0.1,0.6,0.9,3.4
Marty Conlon,C,27,MIL,82,3,25.2,4.2,7.9,.532,0.1,0.4,.276,4.1,7.5,.544,.538,1.5,2.4,.613,2.0,3.2,5.2,1.3,0.5,0.2,1.5,2.7,9.9
Lester Conner,SG,35,LAL,2,0,2.5,0.0,0.0, ,0.0,0.0, ,0.0,0.0, , ,1.0,1.0,1.000,0.0,0.0,0.0,0.0,0.5,0.0,0.0,1.5,1.0
Tyrone Corbin,SF,32,ATL,81,4,17.1,2.5,5.7,.442,0.2,0.7,.250,2.4,5.0,.468,.457,1.0,1.4,.684,1.2,2.0,3.2,0.8,0.7,0.2,0.9,2.0,6.2
John Crotty,PG,25,UTA,80,0,12.7,1.2,2.9,.403,0.1,0.5,.306,1.0,2.4,.421,.426,1.2,1.5,.810,0.3,0.9,1.2,2.6,0.5,0.1,0.9,1.3,3.7
Corey Crowder,SF,25,SAS,7,0,4.1,0.3,1.4,.200,0.0,0.6,.000,0.3,0.9,.333,.200,0.3,0.9,.333,0.1,0.3,0.4,0.1,0.1,0.0,0.3,0.1,0.9
Terry Cummings,PF,33,SAS,76,20,16.8,2.9,6.1,.483,0.0,0.0, ,2.9,6.1,.483,.483,0.9,1.6,.585,1.8,3.2,5.0,0.8,0.5,0.3,1.3,2.5,6.8
Bill Curley,PF,22,DET,53,1,11.2,1.1,2.5,.433,0.0,0.0, ,1.1,2.5,.433,.433,0.5,0.7,.750,1.0,1.3,2.3,0.5,0.4,0.4,0.5,2.4,2.7
Dell Curry,SG,30,CHH,69,0,24.9,5.0,11.3,.441,2.2,5.2,.427,2.7,6.0,.453,.540,1.4,1.6,.856,0.6,1.8,2.4,1.6,0.8,0.3,1.4,2.1,13.6
Lloyd Daniels,SG,27,TOT,30,14,20.1,2.7,7.0,.383,0.9,3.3,.260,1.8,3.6,.495,.445,0.7,0.9,.815,1.0,1.1,2.1,1.3,0.7,0.3,1.0,1.6,6.9
Lloyd Daniels,SG,27,PHI,5,0,12.6,1.8,5.4,.333,0.6,2.8,.214,1.2,2.6,.462,.389,0.4,0.4,1.000,0.4,1.0,1.4,0.8,0.4,0.0,1.6,1.6,4.6
Lloyd Daniels,SG,27,LAL,25,14,21.6,2.8,7.3,.390,0.9,3.4,.267,1.9,3.8,.500,.453,0.8,1.0,.800,1.1,1.2,2.2,1.4,0.8,0.4,0.9,1.6,7.4
Yinka Dare,C,22,NJN,1,0,3.0,0.0,1.0,.000,0.0,0.0, ,0.0,1.0,.000,.000,0.0,0.0, ,0.0,1.0,1.0,0.0,0.0,0.0,1.0,2.0,0.0
Antonio Davis,PF,26,IND,44,1,23.4,2.5,5.6,.445,0.0,0.0, ,2.5,5.6,.445,.445,2.7,4.0,.672,2.4,4.0,6.4,0.6,0.4,0.7,1.5,3.0,7.6
Dale Davis,PF,25,IND,74,70,31.7,4.4,7.8,.563,0.0,0.0,.000,4.4,7.8,.563,.563,1.9,3.5,.533,3.5,5.9,9.4,0.8,1.0,1.6,1.7,3.0,10.6
Hubert Davis,SG,24,NYK,82,4,20.7,3.6,7.5,.480,1.6,3.5,.455,2.0,4.0,.502,.586,1.2,1.5,.808,0.4,1.0,1.3,1.8,0.4,0.1,1.1,1.8,10.0
Terry Davis,PF,27,DAL,46,2,12.6,1.1,2.5,.434,0.0,0.0,.000,1.1,2.4,.441,.434,0.9,1.4,.636,1.4,2.0,3.4,0.2,0.1,0.1,0.7,1.7,3.0
Johnny Dawkins,PG,31,DET,50,9,23.4,2.5,5.4,.463,0.5,1.5,.342,2.0,3.9,.508,.509,1.0,1.1,.909,0.6,1.7,2.3,4.1,1.0,0.0,1.7,1.5,6.5
Tony Dawson,SF,27,BOS,2,0,6.5,1.5,4.0,.375,0.5,1.5,.333,1.0,2.5,.400,.438,0.5,0.5,1.000,0.0,1.5,1.5,0.5,0.0,0.0,1.0,2.0,4.0
Todd Day,SG,25,MIL,82,81,33.1,5.4,12.8,.424,2.0,5.1,.390,3.4,7.7,.447,.502,3.1,4.2,.754,1.2,2.8,3.9,1.6,1.3,0.8,1.9,3.5,16.0
Terry Dehere,PG,23,LAC,80,28,22.2,3.5,8.6,.407,0.6,2.0,.294,2.9,6.5,.443,.442,2.9,3.7,.784,0.4,1.5,1.9,2.8,0.6,0.1,2.0,2.5,10.4
Vinny Del Negro,SG,28,SAS,75,71,31.5,5.0,10.2,.486,0.9,2.2,.407,4.1,8.1,.507,.529,1.7,2.2,.790,0.4,2.2,2.6,3.0,0.8,0.2,0.7,2.4,12.5
Bison Dele,C,25,DEN,63,10,20.0,3.1,5.3,.589,0.0,0.0, ,3.1,5.3,.589,.589,1.7,2.6,.654,1.6,3.2,4.7,0.8,0.6,0.7,1.8,3.3,7.9
Vlade Divac,C,26,LAL,80,80,35.1,6.1,12.0,.507,0.1,0.7,.189,5.9,11.3,.525,.512,3.7,4.8,.777,3.3,7.1,10.4,4.1,1.4,2.2,2.6,3.8,16.0
James Donaldson,C,37,UTA,43,40,14.3,1.0,1.7,.595,0.0,0.0, ,1.0,1.7,.595,.595,0.5,0.7,.710,0.4,2.0,2.5,0.3,0.1,0.7,0.5,1.5,2.6
Sherman Douglas,PG,28,BOS,65,43,31.5,5.6,11.8,.475,0.3,1.3,.244,5.3,10.6,.502,.488,3.1,4.6,.689,0.7,1.9,2.6,6.9,1.2,0.0,2.5,2.3,14.7
Greg Dreiling,C,32,CLE,58,3,8.3,0.7,1.8,.412,0.0,0.0, ,0.7,1.8,.412,.412,0.4,0.7,.634,0.6,1.4,2.0,0.4,0.1,0.4,0.4,1.9,1.9
Clyde Drexler*,SG,32,TOT,76,75,35.9,7.5,16.3,.461,1.9,5.4,.360,5.6,10.9,.511,.521,4.8,5.8,.824,2.0,4.3,6.3,4.8,1.8,0.6,2.4,2.7,21.8
Clyde Drexler*,SG,32,POR,41,41,34.8,7.4,17.4,.428,2.1,5.9,.363,5.3,11.5,.462,.489,5.0,6.0,.835,2.0,3.7,5.7,5.1,1.8,0.5,2.4,2.9,22.0
Clyde Drexler*,SG,32,HOU,35,34,37.1,7.6,15.0,.506,1.7,4.8,.357,5.9,10.2,.575,.563,4.5,5.5,.809,1.9,5.1,7.0,4.4,1.8,0.7,2.5,2.5,21.4
Kevin Duckworth,C,30,WSB,40,22,20.5,3.0,6.7,.442,0.1,0.3,.200,2.9,6.4,.451,.446,1.1,1.8,.643,1.6,3.3,4.9,0.5,0.5,0.6,1.5,2.8,7.1
Chris Dudley,C,29,POR,82,82,27.4,2.2,5.4,.406,0.0,0.0,.000,2.2,5.4,.407,.406,1.0,2.2,.464,4.0,5.4,9.3,0.4,0.5,1.5,1.0,3.5,5.5
Joe Dumars*,SG,31,DET,67,67,38.0,6.2,14.5,.430,1.5,5.0,.305,4.7,9.4,.497,.483,4.1,5.1,.805,0.7,1.7,2.4,5.5,1.1,0.1,3.3,2.3,18.1
Richard Dumas,SF,25,PHO,15,1,11.1,2.5,4.9,.507,0.0,0.1,.000,2.5,4.8,.514,.507,0.5,1.1,.500,1.2,0.7,1.9,0.5,0.7,0.1,0.6,1.5,5.5
Tony Dumas,SG,22,DAL,58,0,10.6,1.7,4.3,.384,0.4,1.3,.301,1.3,3.1,.418,.428,0.9,1.3,.649,0.6,0.5,1.1,1.0,0.2,0.1,0.9,1.3,4.6
Pat Durham,SF,27,MIN,59,2,14.4,2.0,4.0,.494,0.1,0.4,.192,1.9,3.6,.531,.504,1.1,1.6,.656,0.6,1.0,1.6,0.9,0.6,0.5,0.8,1.9,5.1
Ledell Eackles,SG,28,MIA,54,6,16.6,2.6,6.0,.439,0.3,0.8,.439,2.3,5.3,.439,.466,1.7,2.3,.722,0.6,1.1,1.8,1.3,0.4,0.0,1.0,1.6,7.3
Acie Earl,C,24,BOS,30,3,6.9,0.9,2.3,.382,0.0,0.0, ,0.9,2.3,.382,.382,0.5,1.0,.483,0.6,0.9,1.5,0.1,0.2,0.3,0.5,1.3,2.2
Blue Edwards,SF,29,TOT,67,7,16.6,2.7,5.9,.461,0.3,1.1,.293,2.4,4.7,.500,.489,1.1,1.3,.833,0.7,1.2,1.9,1.1,0.6,0.2,1.2,2.1,6.9
Blue Edwards,SF,29,BOS,31,7,16.4,2.7,6.3,.426,0.4,1.4,.256,2.3,4.9,.474,.454,1.4,1.5,.896,0.8,1.3,2.1,1.5,0.6,0.3,1.3,2.1,7.1
Blue Edwards,SF,29,UTA,36,0,16.8,2.7,5.5,.495,0.3,0.9,.344,2.4,4.6,.524,.523,0.9,1.2,.762,0.7,1.1,1.8,0.8,0.7,0.2,1.2,2.2,6.6
Doug Edwards,PF,24,ATL,38,0,5.6,0.6,1.3,.458,0.0,0.0,.000,0.6,1.2,.468,.458,0.6,0.8,.719,0.5,0.8,1.3,0.3,0.1,0.1,0.6,0.8,1.8
James Edwards,C,39,POR,28,0,9.5,1.1,3.0,.386,0.0,0.0, ,1.1,3.0,.386,.386,0.4,0.6,.647,0.4,1.2,1.5,0.3,0.2,0.3,0.5,1.6,2.7
Kevin Edwards,SG,29,NJN,14,14,33.3,4.9,11.0,.448,1.3,3.2,.400,3.6,7.8,.468,.506,2.9,3.0,.952,0.7,1.9,2.6,1.9,1.4,0.4,2.5,3.0,14.0
Craig Ehlo,SG,33,ATL,49,0,23.8,3.9,8.6,.453,1.0,2.7,.381,2.9,5.9,.486,.513,0.9,1.4,.620,1.1,1.9,3.0,2.3,0.9,0.1,1.5,1.8,9.7
Howard Eisley,PG,22,TOT,49,4,11.3,0.8,2.5,.328,0.2,0.8,.243,0.6,1.7,.365,.365,0.6,0.8,.775,0.2,0.7,1.0,1.9,0.4,0.1,1.0,1.7,2.4
Howard Eisley,PG,22,MIN,34,4,14.6,1.1,3.1,.352,0.2,0.9,.250,0.9,2.1,.397,.390,0.9,1.2,.775,0.3,0.9,1.2,2.3,0.5,0.1,1.2,2.3,3.3
Howard Eisley,PG,22,SAS,15,0,3.7,0.2,1.1,.176,0.1,0.3,.200,0.1,0.8,.167,.206,0.0,0.0, ,0.1,0.3,0.4,1.2,0.0,0.1,0.5,0.2,0.5
Mario Elie,SF,31,HOU,81,13,23.4,3.0,6.0,.499,1.0,2.5,.398,2.0,3.5,.570,.581,1.8,2.1,.842,0.6,1.8,2.4,2.3,0.8,0.1,1.3,2.0,8.8
Sean Elliott,SF,26,SAS,81,81,35.3,6.2,13.2,.468,1.7,4.1,.408,4.5,9.1,.495,.532,4.0,5.0,.807,0.8,2.8,3.5,2.5,1.0,0.5,1.9,2.7,18.1
Dale Ellis,SF,34,DEN,81,3,24.6,4.3,9.6,.453,1.3,3.2,.403,3.0,6.3,.479,.522,1.4,1.6,.866,0.7,2.0,2.7,0.7,0.5,0.1,1.0,1.8,11.3
Harold Ellis,SF,24,LAC,69,7,9.5,1.3,2.7,.481,0.0,0.2,.077,1.3,2.6,.511,.484,1.0,1.7,.590,0.8,0.5,1.3,0.6,1.0,0.2,0.7,1.5,3.7
LaPhonso Ellis,PF,24,DEN,6,0,9.7,1.5,4.2,.360,0.0,0.0, ,1.5,4.2,.360,.360,1.0,1.0,1.000,1.2,1.7,2.8,0.7,0.2,0.8,0.8,2.0,4.0
Pervis Ellison,C,27,BOS,55,11,19.7,2.8,5.5,.507,0.0,0.0,.000,2.8,5.4,.510,.507,1.3,1.8,.717,2.3,3.4,5.6,0.6,0.4,1.0,1.4,3.3,6.8
Jo Jo English,SG,24,CHI,8,0,15.9,1.9,4.9,.385,0.4,1.5,.250,1.5,3.4,.444,.423,1.3,1.6,.769,0.1,0.3,0.4,0.9,0.9,0.1,0.8,2.4,5.4
Patrick Ewing*,C,32,NYK,79,79,37.0,9.2,18.4,.503,0.1,0.3,.286,9.2,18.1,.506,.505,5.3,7.1,.750,2.0,9.0,11.0,2.7,0.9,2.0,3.2,3.4,23.9
Duane Ferrell,SF,29,IND,56,1,10.8,1.5,3.1,.480,0.0,0.1,.167,1.5,3.0,.491,.483,1.1,1.5,.753,0.9,0.7,1.6,0.6,0.5,0.1,0.8,1.4,4.1
Danny Ferry,PF,28,CLE,82,6,15.7,2.7,6.1,.446,1.1,2.8,.403,1.6,3.3,.483,.540,0.9,1.0,.881,0.4,1.4,1.7,1.2,0.3,0.3,0.7,1.6,7.5
Matt Fish,C,25,LAC,26,8,14.2,1.9,4.0,.476,0.0,0.0,.000,1.9,3.9,.480,.476,1.0,1.4,.676,1.2,2.0,3.2,0.7,0.6,0.3,1.1,2.7,4.7
Vern Fleming,PG,32,IND,55,1,12.5,1.7,3.4,.495,0.0,0.1,.000,1.7,3.3,.514,.495,1.2,1.6,.722,0.4,1.2,1.6,2.0,0.5,0.0,0.8,1.5,4.6
Sleepy Floyd,SG,34,NJN,48,1,17.3,1.5,4.4,.335,0.5,1.8,.284,1.0,2.6,.371,.394,0.6,0.9,.698,0.2,1.0,1.1,2.6,0.3,0.1,1.1,1.5,4.1
Alphonso Ford,SG,23,PHI,5,0,19.6,1.8,7.8,.231,0.0,1.8,.000,1.8,6.0,.300,.231,0.2,0.4,.500,1.6,2.4,4.0,1.8,0.2,0.0,1.6,1.0,3.8
Greg Foster,PF,26,TOT,78,3,14.7,1.9,4.1,.472,0.1,0.3,.304,1.8,3.8,.485,.483,1.0,1.4,.703,1.1,2.2,3.3,0.5,0.2,0.4,0.9,2.3,4.9
Greg Foster,PF,26,CHI,17,3,17.6,2.4,5.1,.477,0.0,0.0, ,2.4,5.1,.477,.477,1.3,1.8,.710,1.1,2.1,3.2,0.9,0.1,0.5,1.0,3.2,6.1
Greg Foster,PF,26,MIN,61,0,13.9,1.8,3.8,.470,0.1,0.4,.304,1.7,3.4,.488,.485,0.9,1.3,.700,1.1,2.3,3.4,0.4,0.2,0.3,0.9,2.1,4.6
Rick Fox,SF,25,BOS,53,7,19.6,3.2,6.6,.481,0.6,1.4,.413,2.6,5.2,.500,.526,1.8,2.3,.772,1.2,1.8,2.9,2.6,1.0,0.4,1.5,2.9,8.8
Corey Gaines,SG,29,PHI,11,8,25.5,2.2,4.6,.471,0.2,1.4,.133,2.0,3.3,.611,.490,0.5,1.0,.455,0.1,1.5,1.6,3.0,0.7,0.1,1.3,2.1,5.0
Kevin Gamble,SF,29,MIA,77,0,15.9,2.9,5.8,.489,0.5,1.3,.398,2.4,4.6,.514,.532,1.1,1.4,.784,0.4,1.2,1.6,1.5,0.7,0.1,0.6,1.7,7.4
Winston Garland,PG,30,MIN,73,58,26.5,2.3,5.6,.415,0.3,1.0,.253,2.1,4.6,.451,.438,1.2,1.5,.795,0.7,1.6,2.3,4.4,1.0,0.2,1.4,2.5,6.1
Chris Gatling,PF,27,GSW,58,22,25.3,5.6,8.8,.633,0.0,0.0,.000,5.6,8.8,.634,.633,2.6,4.3,.592,2.5,5.2,7.6,0.9,0.7,0.9,2.0,3.2,13.7
Kenny Gattison,PF,30,CHH,21,0,19.5,2.2,4.8,.470,0.0,0.0,.000,2.2,4.7,.475,.470,1.5,2.4,.608,1.0,2.6,3.6,0.8,0.3,0.7,1.0,3.0,6.0
Matt Geiger,C,25,MIA,74,43,23.1,3.5,6.6,.536,0.1,0.1,.400,3.5,6.4,.539,.540,1.3,1.9,.650,2.0,3.6,5.6,0.7,0.6,0.7,1.5,3.3,8.3
Tate George,SG,26,MIL,3,0,2.7,0.3,1.0,.333,0.0,0.3,.000,0.3,0.7,.500,.333,0.7,0.7,1.000,0.3,0.0,0.3,0.0,0.0,0.0,0.7,0.3,1.3
Kendall Gill,SG,26,SEA,73,58,29.1,5.4,11.8,.457,0.9,2.3,.368,4.5,9.4,.479,.494,2.1,2.9,.742,1.4,2.6,4.0,2.6,1.6,0.4,1.9,2.5,13.7
Armen Gilliam,PF,30,NJN,82,30,30.1,5.5,11.0,.503,0.0,0.0,.000,5.5,11.0,.504,.503,3.7,4.8,.770,2.3,5.1,7.5,1.2,0.8,1.1,1.9,2.1,14.8
Greg Graham,SG,24,PHI,50,7,15.5,1.9,4.5,.426,0.1,0.6,.214,1.8,3.9,.456,.439,1.1,1.5,.753,0.4,0.9,1.2,1.3,0.6,0.1,1.0,1.5,5.0
Ron Grandison,PF,30,NYK,2,0,4.0,0.5,2.0,.250,0.0,0.0, ,0.5,2.0,.250,.250,0.0,0.0, ,1.5,1.0,2.5,1.0,0.0,0.0,0.0,1.0,1.0
Brian Grant,PF,22,SAC,80,59,28.6,5.2,10.1,.511,0.0,0.1,.250,5.2,10.1,.512,.511,2.9,4.5,.636,2.6,4.9,7.5,1.2,0.6,1.5,2.0,3.5,13.2
Gary Grant,PG,29,LAC,33,2,14.2,2.4,5.0,.470,0.1,0.5,.250,2.2,4.5,.493,.482,1.4,1.7,.818,0.2,0.8,1.1,2.8,0.9,0.1,1.3,2.0,6.2
Greg Grant,PG,28,DEN,14,0,10.8,0.7,2.4,.303,0.1,0.5,.286,0.6,1.9,.308,.333,0.6,0.9,.750,0.1,0.5,0.6,3.1,0.4,0.1,1.0,1.4,2.2
Harvey Grant,PF,29,POR,75,14,23.6,3.8,8.3,.461,0.1,0.3,.308,3.7,7.9,.467,.467,1.4,1.9,.705,1.4,2.4,3.8,1.1,0.7,0.7,0.8,2.2,9.1
Horace Grant,PF,29,ORL,74,74,36.4,5.4,9.6,.567,0.0,0.1,.000,5.4,9.4,.574,.567,2.0,2.9,.692,3.0,6.6,9.7,2.3,1.0,1.2,1.1,2.7,12.8
Jeff Grayer,SG,29,PHI,47,25,23.4,3.5,8.1,.428,0.1,0.3,.333,3.4,7.8,.432,.434,1.2,1.8,.699,1.2,1.9,3.2,1.6,0.6,0.1,1.2,1.7,8.3
A.C. Green,SF,31,PHO,82,52,32.8,3.8,7.5,.504,0.5,1.5,.339,3.3,6.0,.547,.539,3.1,4.2,.732,2.4,5.8,8.2,1.5,0.7,0.4,1.4,1.8,11.2
Tom Gugliotta,PF-SF,25,TOT,77,63,33.4,4.8,10.9,.443,0.8,2.4,.323,4.0,8.5,.478,.479,2.3,3.3,.690,2.1,5.3,7.4,3.6,1.7,0.8,2.5,2.6,12.7
Tom Gugliotta,PF,25,WSB,6,6,37.7,5.5,13.8,.398,0.7,1.3,.500,4.8,12.5,.387,.422,4.3,5.5,.788,2.7,6.2,8.8,3.0,3.5,1.8,2.5,3.2,16.0
Tom Gugliotta,PF,25,GSW,40,40,33.1,4.4,9.9,.443,0.7,2.3,.311,3.7,7.7,.482,.479,1.4,2.4,.567,2.5,4.9,7.4,3.1,1.3,0.6,2.3,2.5,10.9
Tom Gugliotta,SF,25,MIN,31,17,32.8,5.2,11.5,.454,0.9,2.8,.318,4.3,8.7,.498,.493,3.0,3.9,.762,1.6,5.6,7.2,4.5,2.0,0.9,2.6,2.8,14.4
Andres Guibert,PF,26,MIN,17,0,9.8,0.9,2.8,.340,0.0,0.2,.000,0.9,2.5,.372,.340,0.8,1.1,.684,0.9,1.7,2.6,0.6,0.5,0.1,0.7,1.7,2.6
Jack Haley,PF,31,SAS,31,0,3.8,0.8,2.0,.426,0.0,0.0,.000,0.8,1.9,.433,.426,0.7,1.0,.656,0.3,0.6,0.9,0.1,0.1,0.2,0.4,1.0,2.4
Geert Hammink,C,25,ORL,1,0,7.0,1.0,3.0,.333,0.0,0.0, ,1.0,3.0,.333,.333,2.0,2.0,1.000,0.0,2.0,2.0,1.0,0.0,0.0,0.0,1.0,4.0
Tom Hammonds,PF,27,DEN,70,5,13.7,2.0,3.7,.535,0.0,0.0,.000,2.0,3.7,.537,.535,1.9,2.5,.746,0.8,2.4,3.2,0.5,0.2,0.2,0.8,1.9,5.9
Darrin Hancock,SF,23,CHH,46,7,9.2,1.5,2.6,.562,0.0,0.1,.333,1.5,2.6,.568,.566,0.3,0.8,.410,0.3,0.8,1.2,0.7,0.4,0.1,0.7,1.0,3.3
Anfernee Hardaway,PG,23,ORL,77,77,37.7,7.6,14.8,.512,1.1,3.2,.349,6.5,11.6,.558,.550,4.6,6.0,.769,1.8,2.6,4.4,7.2,1.7,0.3,3.4,2.1,20.9
Tim Hardaway,PG,28,GSW,62,62,37.4,6.9,16.2,.427,2.7,7.2,.378,4.2,9.1,.465,.510,3.5,4.6,.760,0.7,2.3,3.1,9.3,1.4,0.2,3.5,2.5,20.1
Jerome Harmon,SG,25,PHI,10,0,15.8,2.1,5.3,.396,0.1,0.1,1.000,2.0,5.2,.385,.406,0.3,0.6,.500,0.9,1.4,2.3,1.2,0.9,0.0,0.7,1.2,4.6
Derek Harper,PG,33,NYK,80,80,34.0,4.2,9.5,.446,1.3,3.7,.363,2.9,5.8,.498,.516,1.7,2.4,.724,0.4,2.0,2.4,5.7,1.0,0.1,1.9,2.7,11.5
Ron Harper,SG,31,CHI,77,53,19.9,2.7,6.4,.426,0.4,1.4,.282,2.3,4.9,.467,.457,1.1,1.7,.618,0.7,1.7,2.3,2.0,1.3,0.4,1.3,1.7,6.9
Lucious Harris,SG,24,DAL,79,31,21.5,3.5,7.7,.459,0.7,1.8,.387,2.8,5.9,.481,.504,1.7,2.2,.800,1.1,1.7,2.8,1.7,0.7,0.2,1.0,1.3,9.5
Tony Harris,SG,27,BOS,3,0,6.0,1.0,2.7,.375,0.0,0.3,.000,1.0,2.3,.429,.375,2.7,3.0,.889,0.0,0.0,0.0,0.0,0.0,0.0,0.3,0.7,4.7
Antonio Harvey,PF,24,LAL,59,8,9.7,1.3,3.0,.438,0.0,0.0,1.000,1.3,3.0,.434,.440,0.4,0.8,.533,0.7,1.1,1.7,0.4,0.3,0.7,0.4,1.5,3.0
Hersey Hawkins,SG,28,CHH,82,82,33.3,4.8,9.9,.482,1.6,3.6,.440,3.2,6.2,.507,.563,3.2,3.7,.867,0.7,3.1,3.8,3.2,1.5,0.2,1.8,2.2,14.3
Steve Henson,PG,26,POR,37,0,10.3,1.0,2.3,.430,0.6,1.4,.442,0.4,0.9,.412,.564,0.6,0.7,.880,0.1,0.6,0.7,2.3,0.2,0.0,0.8,1.4,3.2
Carl Herrera,PF,28,HOU,61,26,21.8,2.8,5.4,.523,0.0,0.0,.000,2.8,5.3,.526,.523,1.2,1.9,.624,1.6,3.0,4.6,0.7,0.7,0.6,1.2,2.2,6.8
Rod Higgins,SF,35,GSW,5,2,9.2,0.6,2.4,.250,0.2,1.2,.167,0.4,1.2,.333,.292,0.6,0.8,.750,0.8,0.6,1.4,0.6,0.2,0.2,0.2,1.4,2.0
Sean Higgins,SF,26,NJN,57,7,12.9,1.8,4.8,.385,0.4,1.4,.295,1.4,3.4,.421,.427,0.6,0.7,.875,0.4,0.9,1.4,0.5,0.2,0.2,0.6,1.6,4.7
Grant Hill*,SF,22,DET,70,69,38.3,7.3,15.2,.477,0.1,0.4,.148,7.2,14.8,.486,.479,5.3,7.3,.732,1.8,4.6,6.4,5.0,1.8,0.9,2.9,2.9,19.9
Tyrone Hill,C,26,CLE,70,67,34.2,5.0,9.9,.504,0.0,0.0,.000,5.0,9.9,.505,.504,3.8,5.7,.662,3.8,7.1,10.9,0.8,0.8,0.6,2.2,3.5,13.8
Donald Hodge,C,25,DAL,54,0,11.7,1.5,3.8,.407,0.1,0.3,.286,1.5,3.5,.416,.417,0.7,0.9,.765,0.7,1.5,2.3,0.8,0.2,0.3,0.7,2.0,3.9
Jeff Hornacek,SG,31,UTA,81,81,33.3,6.0,11.6,.514,1.1,2.7,.406,4.9,8.9,.547,.562,3.5,4.0,.882,0.7,1.9,2.6,4.3,1.6,0.2,1.8,2.2,16.5
Robert Horry,PF,24,HOU,64,61,32.4,3.8,8.4,.447,1.3,3.5,.379,2.4,4.8,.497,.527,1.3,1.8,.761,1.3,3.8,5.1,3.4,1.5,1.2,1.9,2.5,10.2
Allan Houston,SG,23,DET,76,39,26.3,5.2,11.3,.463,2.1,4.9,.424,3.2,6.4,.494,.555,1.9,2.3,.860,0.4,1.8,2.2,2.2,0.8,0.2,1.5,2.4,14.5
Byron Houston,PF,25,SEA,39,0,6.6,1.3,2.7,.458,0.2,0.6,.273,1.1,2.2,.506,.486,0.7,1.0,.737,0.5,0.9,1.4,0.2,0.3,0.1,0.5,1.3,3.4
Tom Hovasse,SF,28,ATL,2,0,2.0,0.0,0.5,.000,0.0,0.5,.000,0.0,0.0, ,.000,0.0,0.0, ,0.0,0.0,0.0,0.0,0.5,0.0,0.0,0.5,0.0
Juwan Howard,PF,21,WSB,65,52,36.1,7.0,14.3,.489,0.0,0.1,.000,7.0,14.2,.492,.489,3.0,4.5,.664,2.8,5.6,8.4,2.5,0.8,0.2,2.6,3.6,17.0
Jay Humphries,SG-PG,32,TOT,18,0,11.2,0.4,1.9,.235,0.1,0.2,.500,0.3,1.7,.200,.265,0.1,0.2,.500,0.2,0.5,0.7,1.1,0.5,0.0,0.9,1.9,1.1
Jay Humphries,SG,32,UTA,12,0,12.4,0.3,2.1,.160,0.2,0.3,.667,0.2,1.8,.091,.200,0.0,0.0, ,0.2,0.7,0.8,0.8,0.6,0.0,1.0,2.1,0.8
Jay Humphries,PG,32,BOS,6,0,8.7,0.7,1.5,.444,0.0,0.2,.000,0.7,1.3,.500,.444,0.3,0.7,.500,0.3,0.2,0.5,1.7,0.3,0.0,0.8,1.7,1.7
Lindsey Hunter,PG,24,DET,42,26,22.5,2.8,7.6,.374,0.9,2.6,.333,2.0,5.0,.395,.431,1.0,1.3,.727,0.6,1.2,1.8,3.8,1.2,0.2,1.9,2.2,7.5
Bobby Hurley,PG,23,SAC,68,6,16.3,1.5,4.2,.363,0.3,1.1,.276,1.2,3.1,.394,.400,0.9,1.1,.763,0.2,0.8,1.0,3.3,0.4,0.0,1.6,1.2,4.2
Jaren Jackson,SG,27,PHI,21,1,12.2,1.2,3.2,.368,0.2,0.7,.267,1.0,2.5,.396,.397,0.8,1.1,.667,0.9,1.1,2.0,0.9,0.4,0.2,0.8,1.6,3.3
Jim Jackson,SG,24,DAL,51,51,38.9,9.5,20.1,.472,0.7,2.2,.318,8.8,18.0,.490,.489,6.0,7.5,.805,2.4,2.7,5.1,3.7,0.5,0.2,3.1,1.8,25.7
Mark Jackson,PG,29,IND,82,67,29.3,2.9,6.9,.422,0.3,1.1,.310,2.6,5.8,.443,.446,1.5,1.9,.778,0.9,2.8,3.7,7.5,1.3,0.2,2.6,1.8,7.6
Keith Jennings,PG,26,GSW,80,24,21.5,2.4,5.3,.447,0.9,2.6,.368,1.4,2.8,.520,.535,1.7,1.9,.876,0.3,1.5,1.9,4.7,1.2,0.0,1.5,1.7,7.4
Avery Johnson,PG,29,SAS,82,82,36.7,5.5,10.5,.519,0.0,0.3,.136,5.4,10.3,.529,.521,2.5,3.6,.685,0.6,1.9,2.5,8.2,1.4,0.2,2.5,1.9,13.4
Ervin Johnson,C,27,SEA,64,30,14.2,1.3,3.0,.443,0.0,0.0,.000,1.3,3.0,.445,.443,0.5,0.7,.630,1.6,2.9,4.5,0.3,0.3,1.0,0.8,2.5,3.1
Kevin Johnson,PG,28,PHO,47,35,28.8,5.2,11.1,.470,0.1,0.6,.154,5.1,10.6,.487,.474,5.0,6.1,.810,0.7,1.8,2.4,7.7,1.0,0.4,2.2,1.9,15.5
Larry Johnson,PF,25,CHH,81,81,39.9,7.2,15.0,.480,1.0,2.6,.386,6.2,12.5,.500,.513,3.4,4.4,.774,2.3,4.9,7.2,4.6,1.0,0.3,2.6,2.1,18.8
Askia Jones,SG,23,MIN,11,0,12.6,1.4,4.0,.341,0.2,1.1,.167,1.2,2.9,.406,.364,1.2,1.5,.813,0.5,0.5,1.0,1.5,0.5,0.0,0.8,1.7,4.1
Charles Jones,PF,37,HOU,3,0,12.0,0.3,1.0,.333,0.0,0.0, ,0.3,1.0,.333,.333,0.3,0.7,.500,0.7,1.7,2.3,0.0,0.0,0.3,0.0,2.7,1.0
Eddie Jones,SG,23,LAL,64,58,31.0,5.3,11.6,.460,1.4,3.8,.370,3.9,7.8,.504,.521,1.9,2.6,.722,1.2,2.7,3.9,2.0,2.0,0.6,1.2,2.7,14.0
Popeye Jones,PF,24,DAL,80,80,29.8,4.7,10.5,.443,0.0,0.2,.083,4.6,10.3,.449,.444,1.0,1.6,.645,4.1,6.4,10.6,2.0,0.4,0.3,1.6,3.3,10.3
Michael Jordan*,SG,31,CHI,17,17,39.3,9.8,23.8,.411,0.9,1.9,.500,8.8,21.9,.403,.431,6.4,8.0,.801,1.5,5.4,6.9,5.3,1.8,0.8,2.1,2.8,26.9
Adam Keefe,SF,24,UTA,75,0,16.9,2.3,4.0,.577,0.0,0.0, ,2.3,4.0,.577,.577,1.6,2.3,.676,1.8,2.6,4.4,0.4,0.5,0.3,0.8,1.9,6.1
Shawn Kemp,PF,25,SEA,82,79,32.7,6.6,12.2,.547,0.0,0.1,.286,6.6,12.1,.548,.548,5.3,7.1,.749,3.9,7.0,10.9,1.8,1.2,1.5,3.2,4.1,18.7
Steve Kerr,PG,29,CHI,82,0,22.4,3.2,6.0,.527,1.1,2.1,.524,2.1,4.0,.529,.617,0.8,1.0,.778,0.2,1.2,1.5,1.8,0.5,0.0,0.6,1.4,8.2
Jerome Kersey,SF,32,POR,63,0,18.1,3.2,7.8,.415,0.1,0.4,.259,3.1,7.3,.424,.422,1.5,2.0,.766,1.5,2.6,4.1,1.3,0.8,0.6,1.0,2.7,8.1
Randolph Keys,SF,28,LAL,6,0,13.8,1.5,4.3,.346,0.0,1.5,.000,1.5,2.8,.529,.346,0.3,0.3,1.000,1.0,1.8,2.8,0.3,0.2,0.3,0.3,2.7,3.3
Jason Kidd*,PG,21,DAL,79,79,33.8,4.2,10.8,.385,0.9,3.3,.272,3.3,7.6,.433,.426,2.4,3.5,.698,1.9,3.5,5.4,7.7,1.9,0.3,3.2,1.8,11.7
Rich King,C,25,SEA,2,0,3.0,0.0,1.0,.000,0.0,0.0, ,0.0,1.0,.000,.000,0.0,1.0,.000,0.0,0.0,0.0,0.0,0.0,0.0,0.0,0.5,0.0
Stacey King,PF,28,MIN,50,10,15.8,2.0,4.2,.467,0.0,0.0,.000,2.0,4.2,.469,.467,1.4,2.0,.667,1.1,2.2,3.3,0.5,0.5,0.4,1.3,2.5,5.3
Greg Kite,C,33,TOT,11,0,7.0,0.3,1.5,.176,0.0,0.0, ,0.3,1.5,.176,.176,0.2,0.9,.200,1.1,0.9,2.0,0.1,0.0,0.0,0.5,1.4,0.7
Greg Kite,C,33,NYK,2,0,8.0,0.0,1.5,.000,0.0,0.0, ,0.0,1.5,.000,.000,0.0,0.0, ,1.0,1.0,2.0,0.0,0.0,0.0,0.5,1.0,0.0
Greg Kite,C,33,IND,9,0,6.8,0.3,1.6,.214,0.0,0.0, ,0.3,1.6,.214,.214,0.2,1.1,.200,1.1,0.9,2.0,0.1,0.0,0.0,0.6,1.4,0.9
Joe Kleine,C,33,PHO,75,42,12.9,1.6,3.5,.449,0.0,0.0,.000,1.6,3.5,.452,.449,0.6,0.7,.857,1.1,2.4,3.5,0.5,0.2,0.2,0.5,2.3,3.7
Negele Knight,PG,27,TOT,47,17,15.1,1.8,4.6,.397,0.2,0.6,.393,1.6,4.0,.398,.423,0.4,0.5,.720,0.4,0.9,1.3,2.7,0.4,0.1,1.0,1.5,4.2
Negele Knight,PG,27,POR,3,0,14.3,2.3,5.0,.467,0.0,0.0, ,2.3,5.0,.467,.467,1.3,1.3,1.000,0.3,0.7,1.0,3.7,0.3,0.0,1.3,1.7,6.0
Negele Knight,PG,27,DET,44,17,15.1,1.8,4.5,.392,0.3,0.6,.393,1.5,3.9,.392,.420,0.3,0.5,.667,0.5,0.9,1.3,2.6,0.5,0.1,1.0,1.5,4.1
Jon Koncak,C,31,ATL,62,20,15.2,1.2,3.0,.412,0.2,0.6,.333,1.0,2.4,.430,.444,0.2,0.4,.542,0.4,2.6,3.0,0.8,0.6,0.7,0.3,2.2,2.9
Larry Krystkowiak,PF,30,CHI,19,14,15.1,1.5,3.8,.389,0.0,0.0, ,1.5,3.8,.389,.389,1.4,1.6,.900,1.0,2.1,3.1,1.4,0.5,0.1,1.3,1.8,4.4
Toni Kukoc,SF,26,CHI,81,55,31.9,6.0,11.9,.504,0.8,2.4,.313,5.2,9.5,.553,.536,2.9,3.9,.748,1.9,3.5,5.4,4.6,1.3,0.2,2.0,2.0,15.7
Christian Laettner,C,25,MIN,81,80,34.2,5.6,11.4,.489,0.2,0.5,.325,5.4,10.9,.497,.496,5.0,6.2,.818,2.0,5.5,7.6,2.9,1.2,1.1,2.8,3.7,16.3
Andrew Lang,C,28,ATL,82,63,28.5,3.9,8.3,.473,0.0,0.0,.667,3.9,8.2,.472,.474,1.9,2.3,.809,1.9,3.7,5.6,0.9,0.5,1.8,1.3,3.3,9.7
Antonio Lang,SF,22,PHO,12,0,4.4,0.3,0.8,.400,0.0,0.0, ,0.3,0.8,.400,.400,0.3,0.3,.750,0.3,0.1,0.3,0.1,0.0,0.2,0.4,0.9,0.9
Eric Leckner,C,28,DET,57,11,10.9,1.5,2.9,.527,0.0,0.0,.000,1.5,2.9,.534,.527,0.9,1.3,.708,0.8,2.2,3.1,0.2,0.3,0.3,0.7,2.1,3.9
Doug Lee,SG,30,SAC,22,0,3.4,0.4,1.1,.360,0.3,0.8,.389,0.1,0.3,.286,.500,0.8,1.0,.857,0.0,0.2,0.2,0.2,0.3,0.1,0.2,0.8,2.0
Tim Legler,SG,28,GSW,24,0,15.5,2.5,4.8,.522,1.1,2.1,.520,1.4,2.7,.523,.635,1.3,1.4,.882,0.5,1.2,1.7,1.1,0.5,0.0,0.8,1.4,7.3
Jim Les,PG,31,ATL,24,0,7.8,0.5,1.6,.289,0.2,1.0,.217,0.3,0.6,.400,.355,1.0,1.1,.852,0.3,0.8,1.1,1.8,0.2,0.0,0.9,1.2,2.1
Cliff Levingston,PF,34,DEN,57,0,8.2,1.0,2.3,.423,0.0,0.0,.000,1.0,2.3,.426,.423,0.3,0.8,.422,0.9,1.3,2.2,0.5,0.2,0.4,0.4,1.6,2.3
Alton Lister,C,36,MIL,60,32,12.9,1.1,2.2,.493,0.0,0.0,.000,1.1,2.2,.496,.493,0.6,1.2,.500,1.1,2.8,3.9,0.2,0.3,1.0,0.6,2.4,2.8
Brad Lohaus,PF,30,MIA,61,1,12.0,1.6,3.8,.420,1.0,2.5,.406,0.6,1.2,.447,.556,0.2,0.2,.667,0.5,1.2,1.7,0.7,0.3,0.4,0.5,1.4,4.4
Grant Long,PF,28,TOT,81,79,32.6,4.2,8.8,.478,0.1,0.4,.355,4.1,8.5,.483,.485,3.0,4.0,.751,2.4,5.1,7.5,1.6,1.3,0.4,1.9,3.0,11.6
Grant Long,PF,28,MIA,2,2,31.0,2.5,6.0,.417,0.0,0.0, ,2.5,6.0,.417,.417,3.0,5.0,.600,0.5,5.0,5.5,2.0,1.0,0.0,2.0,5.5,8.0
Grant Long,PF,28,ATL,79,77,32.6,4.3,8.9,.479,0.1,0.4,.355,4.1,8.5,.484,.487,3.0,4.0,.756,2.4,5.1,7.5,1.6,1.4,0.4,1.9,2.9,11.7
Luc Longley,C,26,CHI,55,0,18.2,2.5,5.5,.447,0.0,0.0,.000,2.5,5.5,.450,.447,1.6,1.9,.822,1.5,3.3,4.8,1.3,0.4,0.8,1.6,3.2,6.5
Ryan Lorthridge,SG,22,GSW,37,2,18.2,2.9,6.0,.475,0.1,0.4,.214,2.8,5.6,.493,.482,1.5,2.4,.648,0.6,1.3,1.9,2.7,0.8,0.0,1.5,1.1,7.4
George Lynch,SF,24,LAL,56,15,17.0,2.5,5.3,.468,0.1,0.4,.143,2.4,4.9,.493,.473,1.1,1.5,.721,1.3,1.9,3.3,1.1,0.9,0.2,1.3,1.5,6.1
Don MacLean,PF,25,WSB,39,20,27.0,4.1,9.3,.438,0.3,1.0,.250,3.8,8.2,.461,.452,2.7,3.5,.765,1.2,3.1,4.2,1.3,0.4,0.1,1.1,2.5,11.0
Mark Macon,SG,25,DET,55,6,13.1,1.8,4.8,.381,0.4,1.1,.323,1.5,3.7,.399,.419,1.0,1.2,.794,0.5,0.9,1.4,1.1,1.2,0.0,0.7,1.8,5.0
Gerald Madkins,SG,25,CLE,7,0,4.0,0.3,0.9,.333,0.1,0.3,.500,0.1,0.6,.250,.417,0.4,0.6,.750,0.0,0.0,0.0,0.1,0.3,0.0,0.4,0.3,1.1
Rick Mahorn,PF,36,NJN,58,7,10.9,1.4,2.6,.523,0.0,0.1,.333,1.3,2.6,.527,.526,0.7,0.8,.796,0.8,2.0,2.8,0.4,0.2,0.2,0.6,1.6,3.4
Dan Majerle,SF,29,PHO,82,46,37.7,5.3,12.6,.425,2.4,6.7,.363,2.9,5.9,.495,.521,2.5,3.4,.730,1.3,3.3,4.6,4.1,1.2,0.5,1.3,1.9,15.6
Jeff Malone,SG,33,PHI,19,19,34.7,7.6,14.9,.507,0.6,1.5,.393,7.0,13.5,.520,.526,2.7,3.1,.864,0.6,2.3,2.9,1.5,0.8,0.0,1.5,1.8,18.4
Karl Malone*,PF,31,UTA,82,82,38.1,10.1,18.9,.536,0.1,0.5,.268,10.0,18.4,.543,.540,6.3,8.5,.742,1.9,8.7,10.6,3.5,1.6,1.0,2.9,3.3,26.7
Moses Malone*,C,39,SAS,17,0,8.8,0.8,2.1,.371,0.1,0.1,.500,0.7,1.9,.364,.386,1.3,1.9,.688,1.2,1.5,2.7,0.4,0.1,0.2,0.6,0.9,2.9
Danny Manning,PF,28,PHO,46,19,32.8,7.4,13.5,.547,0.1,0.5,.286,7.3,13.1,.556,.551,3.0,4.4,.673,2.1,3.9,6.0,3.3,0.9,1.2,2.6,3.8,17.9
Sarunas Marciulionis*,SG,30,SEA,66,4,18.1,3.3,6.9,.473,0.5,1.3,.402,2.7,5.6,.489,.511,2.2,3.0,.732,0.3,0.8,1.0,1.7,1.1,0.0,1.5,1.9,9.3
Donyell Marshall,SF,21,TOT,72,31,29.0,4.8,12.2,.394,1.0,3.4,.284,3.8,8.8,.436,.433,2.0,3.1,.662,1.9,3.7,5.6,1.5,0.6,1.2,1.6,2.2,12.6
Donyell Marshall,SF,21,MIN,40,8,25.9,4.0,10.6,.374,0.8,2.7,.302,3.2,7.9,.397,.411,2.1,3.1,.680,1.6,3.3,4.9,1.4,0.6,1.3,1.5,1.6,10.8
Donyell Marshall,SF,21,GSW,32,23,32.8,5.8,14.2,.413,1.2,4.3,.270,4.7,9.9,.475,.454,2.0,3.1,.640,2.3,4.3,6.5,1.5,0.6,1.2,1.8,2.9,14.8
Bob Martin,C,25,LAC,1,0,14.0,1.0,5.0,.200,0.0,0.0, ,1.0,5.0,.200,.200,0.0,0.0, ,2.0,0.0,2.0,1.0,0.0,1.0,0.0,2.0,2.0
Darrick Martin,PG,23,MIN,34,9,23.6,2.8,6.9,.408,0.2,1.1,.184,2.6,5.7,.451,.423,1.7,1.9,.877,0.4,1.5,1.9,3.9,1.0,0.0,1.8,2.6,7.5
Jamal Mashburn,SF,22,DAL,80,80,37.3,8.5,19.6,.436,1.4,4.3,.328,7.1,15.3,.466,.472,5.6,7.6,.739,1.5,2.7,4.1,3.7,1.0,0.1,2.9,2.4,24.1
Anthony Mason,PF,28,NYK,77,11,32.4,3.7,6.6,.566,0.0,0.0,.000,3.7,6.6,.567,.566,2.5,3.9,.641,2.4,6.1,8.4,3.1,0.9,0.3,1.6,3.3,9.9
Tony Massenburg,C,27,LAC,80,50,26.6,3.5,7.5,.469,0.0,0.0,.000,3.5,7.5,.472,.469,2.2,2.9,.753,2.0,3.7,5.7,0.8,0.6,0.7,1.5,3.2,9.3
Vernon Maxwell,SG,29,HOU,64,54,31.8,4.8,12.1,.394,2.2,6.9,.324,2.5,5.3,.485,.486,1.5,2.3,.688,0.3,2.3,2.6,4.3,1.2,0.2,2.1,2.5,13.3
Lee Mayberry,PG,24,MIL,82,50,21.3,2.1,5.0,.422,0.9,2.2,.407,1.2,2.8,.433,.510,0.7,1.0,.699,0.3,0.7,1.0,3.4,0.6,0.0,1.3,1.5,5.8
George McCloud,SF,27,DAL,42,3,19.1,3.4,7.8,.439,0.8,2.1,.382,2.6,5.7,.460,.491,1.9,2.3,.833,2.0,1.5,3.5,1.3,0.5,0.2,1.0,1.7,9.6
Xavier McDaniel,SF,31,BOS,68,15,21.0,3.6,8.0,.451,0.1,0.3,.286,3.5,7.7,.457,.456,1.3,1.8,.712,1.4,3.0,4.4,1.6,0.4,0.3,1.3,2.1,8.6
Jim McIlvaine,C,22,WSB,55,0,9.7,0.6,1.3,.479,0.0,0.0, ,0.6,1.3,.479,.479,0.5,0.7,.683,0.7,1.2,1.9,0.2,0.2,1.1,0.3,1.7,1.7
Derrick McKey,SF,28,IND,81,81,34.6,5.1,10.3,.493,0.4,1.1,.360,4.7,9.2,.509,.513,2.7,3.7,.744,1.5,3.3,4.9,3.4,1.5,0.6,2.1,3.2,13.3
Aaron McKie,SG,22,POR,45,20,18.4,2.6,5.8,.444,0.2,0.6,.393,2.3,5.2,.451,.466,1.1,1.6,.685,0.8,2.1,2.9,2.0,0.8,0.4,0.9,2.2,6.5
Nate McMillan,PG,30,SEA,80,18,25.9,2.1,5.0,.418,0.7,1.9,.342,1.4,3.0,.467,.485,0.4,0.7,.586,0.8,3.0,3.8,5.3,2.1,0.7,1.6,3.4,5.2
Darnell Mee,SG,23,DEN,2,0,4.0,0.5,2.5,.200,0.5,1.5,.333,0.0,1.0,.000,.300,0.0,0.0, ,0.0,0.5,0.5,1.0,0.5,0.0,0.0,0.0,1.5
Anthony Miller,PF,23,LAL,46,1,11.5,1.5,2.9,.530,0.0,0.1,.400,1.5,2.8,.535,.538,1.0,1.7,.618,1.5,1.8,3.3,0.8,0.4,0.2,0.8,1.7,4.1
Oliver Miller,PF,24,DET,64,22,24.3,3.6,6.5,.555,0.0,0.2,.231,3.6,6.3,.565,.559,1.2,1.9,.629,2.5,4.9,7.4,1.5,0.9,1.8,1.8,3.4,8.5
Reggie Miller*,SG,29,IND,81,81,32.9,6.2,13.5,.462,2.4,5.8,.415,3.8,7.7,.498,.552,4.7,5.3,.897,0.4,2.2,2.6,3.0,1.2,0.2,1.9,1.9,19.6
Chris Mills,SF,25,CLE,80,79,35.2,4.5,10.7,.420,1.2,3.0,.392,3.3,7.7,.431,.475,2.2,2.7,.817,1.2,3.3,4.6,1.9,0.7,0.4,1.5,3.0,12.3
Terry Mills,PF,27,DET,72,69,34.9,5.8,13.0,.447,1.5,4.0,.382,4.3,9.0,.475,.505,2.4,3.0,.799,1.7,6.0,7.8,2.2,0.9,0.5,2.0,3.5,15.5
Harold Miner,PG,23,MIA,45,16,19.4,2.7,6.8,.403,0.3,1.1,.286,2.4,5.7,.426,.426,1.5,2.1,.726,0.8,1.8,2.6,1.5,0.3,0.1,1.7,1.9,7.3
Greg Minor,SG,23,BOS,63,8,15.0,2.5,4.8,.515,0.0,0.2,.167,2.4,4.6,.529,.518,1.0,1.2,.833,0.8,1.4,2.2,1.0,0.5,0.3,0.7,1.4,6.0
Sam Mitchell,SF,31,IND,81,12,17.0,2.5,5.1,.487,0.0,0.1,.100,2.5,5.0,.496,.488,1.6,2.1,.724,1.2,1.8,3.0,0.8,0.5,0.2,0.7,2.5,6.5
Eric Mobley,C,24,MIL,46,26,12.8,1.7,2.9,.591,0.0,0.0,1.000,1.7,2.8,.585,.598,0.5,1.0,.489,1.2,2.1,3.3,0.5,0.2,0.6,0.5,1.4,3.9
Eric Montross,C,23,BOS,78,75,29.7,3.9,7.4,.534,0.0,0.0,.000,3.9,7.4,.535,.534,2.1,3.4,.635,2.5,4.7,7.3,0.5,0.4,0.8,1.4,3.8,10.0
Chris Morris,SF,29,NJN,71,49,30.0,4.9,12.1,.410,1.5,4.5,.334,3.5,7.6,.455,.472,2.0,2.7,.728,2.5,3.1,5.7,2.1,1.2,0.7,1.6,2.2,13.4
Dwayne Morton,PG,23,GSW,41,6,9.6,1.2,3.1,.388,0.2,0.6,.360,1.0,2.5,.394,.422,1.4,2.1,.682,0.5,0.9,1.4,0.4,0.3,0.4,0.7,1.1,4.1
Alonzo Mourning*,C,24,CHH,77,77,38.2,7.4,14.3,.519,0.1,0.4,.324,7.3,13.9,.525,.524,6.4,8.4,.761,2.6,7.3,9.9,1.4,0.6,2.9,3.1,3.6,21.3
Chris Mullin*,SF,31,GSW,25,23,35.6,6.8,13.9,.489,1.7,3.7,.452,5.1,10.2,.502,.549,3.8,4.3,.879,1.0,3.6,4.6,5.0,1.5,0.8,3.7,2.1,19.0
Eric Murdock,PG,26,MIL,75,32,28.8,4.5,10.9,.415,1.2,3.2,.375,3.3,7.7,.432,.471,2.8,3.6,.790,0.6,2.2,2.9,6.4,1.5,0.2,2.6,1.9,13.0
Gheorghe Muresan,C,23,WSB,73,58,23.6,4.2,7.4,.560,0.0,0.0, ,4.2,7.4,.560,.560,1.7,2.4,.709,2.5,4.2,6.7,0.5,0.7,1.7,1.6,3.5,10.0
Lamond Murray,SF,21,LAC,81,61,31.6,5.4,13.5,.402,0.8,2.7,.298,4.6,10.8,.427,.431,2.5,3.3,.754,1.6,2.7,4.4,1.6,0.9,0.7,2.0,2.2,14.1
Tracy Murray,SF,23,TOT,54,3,9.6,1.8,4.3,.408,0.6,1.6,.407,1.1,2.7,.408,.483,0.6,0.8,.786,0.4,0.7,1.1,0.4,0.3,0.1,0.6,1.4,4.8
Tracy Murray,SF,23,POR,29,3,10.8,2.2,5.3,.412,0.6,1.4,.390,1.6,3.9,.420,.464,1.0,1.2,.824,0.6,0.7,1.3,0.5,0.2,0.0,0.7,1.4,5.9
Tracy Murray,SF,23,HOU,25,0,8.1,1.3,3.2,.400,0.8,1.8,.422,0.5,1.4,.371,.519,0.2,0.3,.625,0.1,0.8,0.9,0.2,0.3,0.1,0.6,1.2,3.5
Dikembe Mutombo*,C,28,DEN,82,82,37.8,4.3,7.7,.556,0.0,0.0, ,4.3,7.7,.556,.556,3.0,4.6,.654,3.9,8.7,12.5,1.4,0.5,3.9,2.3,3.5,11.5
Pete Myers,SG,31,CHI,71,14,17.9,1.7,4.0,.415,0.1,0.5,.256,1.5,3.5,.440,.432,1.0,1.6,.614,0.8,1.2,2.0,2.1,0.8,0.2,1.2,1.8,4.5
Ivano Newbill,SF,24,DET,34,0,9.7,0.5,1.3,.356,0.0,0.0, ,0.5,1.3,.356,.356,0.2,0.6,.364,1.2,1.2,2.4,0.5,0.4,0.3,0.4,1.8,1.2
Johnny Newman,SF,31,MIL,82,11,23.1,2.8,6.0,.463,0.5,1.6,.352,2.2,4.4,.503,.509,1.7,2.1,.801,0.9,1.2,2.1,1.1,0.8,0.2,1.0,2.9,7.7
Ken Norman,SF,30,ATL,74,27,25.4,5.2,11.6,.453,1.3,3.9,.344,3.9,7.7,.508,.511,0.9,1.9,.457,1.4,3.5,4.9,1.3,0.5,0.3,1.3,2.1,12.7
Julius Nwosu,C,23,SAS,23,0,3.7,0.4,1.2,.321,0.0,0.0, ,0.4,1.2,.321,.321,0.6,0.7,.765,0.5,0.6,1.0,0.1,0.0,0.1,0.4,0.9,1.3
Shaquille O'Neal*,C,22,ORL,79,79,37.0,11.8,20.2,.583,0.0,0.1,.000,11.8,20.1,.585,.583,5.8,10.8,.533,4.2,7.3,11.4,2.7,0.9,2.4,2.6,3.3,29.3
Charles Oakley,PF,31,NYK,50,49,31.3,3.8,7.9,.489,0.1,0.2,.250,3.8,7.6,.496,.492,2.4,3.0,.793,3.1,5.8,8.9,2.5,1.2,0.1,2.1,3.6,10.1
Hakeem Olajuwon*,C,32,HOU,72,72,39.6,11.1,21.5,.517,0.0,0.2,.188,11.0,21.2,.520,.517,5.6,7.5,.756,2.4,8.4,10.8,3.5,1.8,3.4,3.3,3.5,27.8
Brian Oliver,SG,26,WSB,6,0,7.0,0.7,1.5,.444,0.0,0.0, ,0.7,1.5,.444,.444,1.0,1.3,.750,0.0,0.7,0.7,0.7,0.0,0.0,0.5,1.3,2.3
Bo Outlaw,PF,23,LAC,81,31,20.4,2.1,4.0,.523,0.0,0.1,.000,2.1,4.0,.531,.523,1.0,2.3,.441,1.5,2.4,3.9,1.0,1.1,1.9,1.0,2.8,5.2
Doug Overton,PG,25,WSB,82,20,20.8,2.5,6.1,.416,0.6,1.5,.424,1.9,4.5,.413,.469,1.3,1.5,.872,0.3,1.4,1.7,3.0,0.6,0.0,1.3,1.5,7.0
Billy Owens,SG,25,MIA,70,60,32.8,5.8,11.7,.491,0.0,0.3,.091,5.7,11.4,.503,.493,2.8,4.5,.620,2.9,4.3,7.2,3.5,1.1,0.4,2.9,2.9,14.3
Robert Pack,PG,25,DEN,42,32,27.2,4.0,9.4,.430,0.7,1.7,.417,3.3,7.7,.433,.468,3.3,4.2,.783,0.5,2.2,2.7,6.9,1.5,0.1,3.2,2.4,12.1
Robert Parish*,C,41,CHH,81,4,16.7,2.0,4.6,.427,0.0,0.0, ,2.0,4.6,.427,.427,0.9,1.2,.703,1.1,3.2,4.3,0.5,0.3,0.4,0.8,1.6,4.8
Gary Payton*,PG,26,SEA,82,82,36.8,8.4,16.4,.509,0.9,2.8,.302,7.5,13.6,.553,.535,3.0,4.2,.716,1.3,2.1,3.4,7.1,2.5,0.2,2.5,2.5,20.6
Anthony Peeler,SG,25,LAL,73,24,21.4,3.9,9.0,.432,1.2,3.0,.389,2.8,6.1,.454,.496,1.4,1.8,.797,0.8,1.5,2.3,1.7,0.7,0.2,1.1,2.0,10.4
Mike Peplowski,C,24,DET,6,0,3.5,0.8,0.8,1.000,0.0,0.0, ,0.8,0.8,1.000,1.000,0.2,0.3,.500,0.2,0.3,0.5,0.2,0.2,0.0,0.3,1.7,1.8
Will Perdue,C,29,CHI,78,78,20.4,3.3,5.9,.553,0.0,0.0,.000,3.3,5.9,.555,.553,1.4,2.5,.582,2.7,4.0,6.7,1.2,0.3,0.7,1.5,2.8,8.0
Sam Perkins,C,33,SEA,82,37,28.7,4.2,9.0,.466,1.7,4.2,.397,2.6,4.9,.526,.558,2.6,3.3,.799,1.2,3.7,4.9,1.6,0.9,0.5,0.9,2.3,12.7
Elliot Perry,PG,25,PHO,82,51,24.1,3.7,7.2,.520,0.3,0.7,.417,3.4,6.4,.532,.542,1.9,2.4,.810,0.6,1.2,1.8,4.8,1.9,0.0,2.0,1.7,9.7
Tim Perry,PF,29,PHI,42,1,10.6,0.6,1.9,.346,0.0,0.3,.000,0.6,1.5,.422,.346,0.5,1.0,.550,0.9,1.2,2.1,0.3,0.2,0.4,0.5,1.2,1.8
Chuck Person,SF,30,SAS,81,1,25.1,3.9,9.3,.423,2.1,5.5,.387,1.8,3.8,.475,.537,0.8,1.3,.647,0.6,2.6,3.2,1.3,0.6,0.1,1.3,2.4,10.8
Wesley Person,SG,23,PHO,78,56,23.1,4.0,8.2,.484,1.5,3.4,.436,2.5,4.8,.519,.575,1.0,1.3,.792,0.9,1.7,2.6,1.3,0.6,0.3,1.0,1.9,10.4
Derrick Phelps,PG,22,SAC,3,0,1.7,0.0,0.3,.000,0.0,0.0, ,0.0,0.3,.000,.000,0.0,0.7,.000,0.0,0.0,0.0,0.3,0.0,0.0,0.0,1.0,0.0
Bobby Phills,SG,25,CLE,80,79,31.3,4.2,10.2,.414,0.2,0.7,.345,4.0,9.5,.419,.426,2.3,2.9,.779,1.1,2.2,3.3,2.3,1.4,0.3,1.4,2.6,11.0
Eric Piatkowski,SG,24,LAC,81,11,14.9,2.5,5.6,.441,0.9,2.4,.374,1.6,3.2,.492,.522,1.1,1.4,.783,0.8,0.9,1.6,1.0,0.5,0.2,0.8,1.9,7.0
Ricky Pierce,PG,35,GSW,27,6,24.9,4.1,9.4,.437,0.9,2.6,.329,3.3,6.8,.478,.482,3.4,3.9,.877,0.4,1.9,2.4,1.5,0.8,0.1,0.9,1.4,12.5
Ed Pinckney,PF,31,MIL,62,17,13.5,0.8,1.6,.495,0.0,0.0, ,0.8,1.6,.495,.495,0.7,1.0,.710,1.0,2.4,3.4,0.3,0.5,0.3,0.4,1.0,2.3
Scottie Pippen*,SF,29,CHI,79,79,38.2,8.0,16.7,.480,1.4,4.0,.345,6.6,12.7,.523,.522,4.0,5.6,.716,2.2,5.9,8.1,5.2,2.9,1.1,3.4,3.0,21.4
Olden Polynice,C,30,SAC,81,81,31.3,4.6,8.5,.544,0.0,0.0,1.000,4.6,8.5,.543,.545,1.5,2.4,.639,3.4,5.5,9.0,0.8,0.6,0.6,1.4,2.9,10.8
Terry Porter,PG,31,POR,35,9,22.0,3.0,7.6,.393,1.3,3.3,.386,1.7,4.4,.399,.476,1.7,2.3,.707,0.5,1.8,2.3,3.8,0.9,0.1,1.7,1.7,8.9
Mark Price,PG,30,CLE,48,34,28.6,5.3,12.8,.413,2.1,5.3,.407,3.1,7.5,.418,.498,3.1,3.4,.914,0.5,1.8,2.3,7.0,0.7,0.1,3.0,1.0,15.8
Kevin Pritchard,PG,27,TOT,19,0,10.2,0.7,1.7,.406,0.1,0.4,.250,0.6,1.3,.458,.438,0.8,1.1,.762,0.0,0.6,0.6,1.8,0.1,0.1,0.6,1.2,2.3
Kevin Pritchard,PG,27,PHI,5,0,7.2,0.0,0.6,.000,0.0,0.6,.000,0.0,0.0, ,.000,0.2,0.8,.250,0.0,0.2,0.2,2.2,0.0,0.0,1.0,0.6,0.2
Kevin Pritchard,PG,27,MIA,14,0,11.3,0.9,2.1,.448,0.1,0.4,.400,0.8,1.7,.458,.483,1.1,1.2,.882,0.0,0.8,0.8,1.6,0.1,0.1,0.5,1.4,3.1
Dino Radja*,PF,27,BOS,66,48,32.5,6.8,13.9,.490,0.0,0.0,.000,6.8,13.9,.490,.490,3.5,4.7,.759,2.3,6.4,8.7,1.7,0.9,1.3,2.4,3.5,17.2
Kurt Rambis,PF,36,LAL,26,1,7.5,0.7,1.3,.514,0.0,0.0, ,0.7,1.3,.514,.514,0.3,0.5,.667,0.4,0.9,1.3,0.6,0.1,0.3,0.3,1.3,1.7
Mark Randall,PF,27,DEN,8,0,4.9,0.4,1.3,.300,0.0,0.1,.000,0.4,1.1,.333,.300,0.0,0.0, ,0.5,1.0,1.5,0.1,0.0,0.0,0.1,0.6,0.8
Eldridge Recasner,SG,27,DEN,3,0,4.3,0.3,2.0,.167,0.0,0.3,.000,0.3,1.7,.200,.167,1.3,1.3,1.000,0.0,0.7,0.7,0.3,1.0,0.0,0.7,0.0,2.0
Khalid Reeves,PG,22,MIA,67,17,21.8,3.1,6.9,.443,1.0,2.6,.392,2.1,4.4,.473,.515,2.1,2.9,.714,0.8,2.0,2.8,4.3,1.1,0.1,2.0,2.1,9.2
J.R. Reid,PF,26,SAS,81,37,19.3,2.5,4.9,.508,0.0,0.0,.500,2.5,4.9,.508,.509,2.0,2.9,.687,1.5,3.4,4.9,0.7,0.7,0.4,1.4,2.8,7.0
Glen Rice,SF,27,MIA,82,82,36.8,8.1,17.1,.475,2.3,5.5,.410,5.9,11.6,.506,.541,3.8,4.5,.855,1.2,3.4,4.6,2.3,1.4,0.2,1.9,2.5,22.3
Pooh Richardson,PG,28,LAC,80,77,35.8,4.4,11.2,.394,1.1,3.1,.357,3.3,8.2,.407,.442,1.0,1.6,.648,0.5,2.8,3.3,7.9,1.6,0.2,2.1,2.7,10.9
Mitch Richmond*,SG,29,SAC,82,82,38.7,8.1,18.3,.446,1.9,5.2,.368,6.2,13.1,.477,.498,4.6,5.4,.843,0.8,3.5,4.4,3.8,1.1,0.4,2.9,2.8,22.8
Isaiah Rider,SG,23,MIN,75,67,35.3,7.4,16.7,.447,1.9,5.3,.351,5.6,11.4,.491,.502,3.7,4.5,.817,1.2,2.1,3.3,3.3,0.9,0.3,3.1,2.6,20.4
Eric Riley,C,24,LAC,40,4,10.9,1.6,3.6,.448,0.0,0.0,.000,1.6,3.6,.451,.448,1.2,1.6,.734,1.1,1.7,2.8,0.3,0.4,0.9,0.8,2.0,4.4
Doc Rivers,PG,33,TOT,63,0,15.7,1.7,4.8,.358,0.7,2.0,.354,1.0,2.8,.360,.432,1.0,1.3,.732,0.2,1.5,1.7,2.6,1.0,0.3,1.0,2.4,5.1
Doc Rivers,PG,33,NYK,3,0,15.7,1.3,4.3,.308,1.0,1.7,.600,0.3,2.7,.125,.423,2.7,3.7,.727,0.7,2.3,3.0,2.7,1.3,0.0,1.3,2.7,6.3
Doc Rivers,PG,33,SAS,60,0,15.7,1.7,4.8,.360,0.7,2.0,.344,1.0,2.8,.371,.433,0.9,1.2,.732,0.2,1.5,1.7,2.6,1.0,0.4,0.9,2.4,5.0
Fred Roberts,SF,34,CLE,21,0,10.6,1.3,3.4,.389,0.2,0.5,.364,1.1,2.9,.393,.417,1.0,1.2,.769,0.6,1.0,1.6,0.4,0.3,0.1,0.3,1.2,3.8
Clifford Robinson,SF,28,POR,75,73,36.3,8.0,17.6,.452,1.9,5.1,.371,6.1,12.5,.486,.506,3.5,5.1,.694,2.0,3.6,5.6,2.6,1.1,1.1,2.1,3.2,21.3
David Robinson*,C,29,SAS,81,81,38.0,9.7,18.4,.530,0.1,0.2,.300,9.7,18.1,.533,.532,8.1,10.5,.774,2.9,7.9,10.8,2.9,1.7,3.2,2.9,2.8,27.6
Glenn Robinson,SF,22,MIL,80,76,37.0,8.0,17.6,.451,1.1,3.4,.321,6.9,14.3,.482,.482,5.0,6.2,.796,2.1,4.3,6.4,2.5,1.4,0.3,3.9,2.9,21.9
James Robinson,PG,24,POR,71,25,21.7,3.6,8.8,.409,1.1,3.1,.341,2.5,5.6,.446,.470,0.9,1.5,.591,0.6,1.3,1.9,2.5,0.7,0.2,1.8,2.0,9.2
Dennis Rodman*,PF,33,SAS,49,26,32.0,2.8,4.9,.571,0.0,0.0,.000,2.8,4.9,.576,.571,1.5,2.3,.676,5.6,11.2,16.8,2.0,0.6,0.5,2.0,3.2,7.1
Carlos Rogers,C,23,GSW,49,18,20.8,3.7,6.9,.529,0.0,0.3,.143,3.6,6.7,.546,.532,1.6,3.0,.521,2.2,3.5,5.7,0.8,0.4,1.1,1.7,2.5,8.9
Rodney Rogers,PF,23,DEN,80,77,26.8,4.7,9.6,.488,0.6,1.9,.338,4.1,7.8,.523,.520,2.2,3.4,.651,1.7,3.2,4.8,2.0,1.2,0.6,2.2,3.5,12.2
Tree Rollins,C,39,ORL,51,3,9.4,0.4,0.8,.476,0.0,0.0, ,0.4,0.8,.476,.476,0.4,0.6,.677,0.6,1.3,1.9,0.2,0.1,0.7,0.5,1.2,1.2
Sean Rooks,C,25,MIN,80,70,30.1,3.6,7.7,.470,0.0,0.1,.000,3.6,7.6,.474,.470,3.6,4.8,.761,2.1,4.0,6.1,1.2,0.4,0.9,1.8,2.6,10.9
Jalen Rose,SF,22,DEN,81,37,22.2,2.8,6.2,.454,0.4,1.4,.316,2.4,4.8,.495,.490,2.1,2.9,.739,0.7,2.0,2.7,4.8,0.8,0.3,2.0,2.5,8.2
Donald Royal,SF,28,ORL,70,68,26.3,2.9,6.2,.475,0.0,0.1,.000,2.9,6.1,.479,.475,3.2,4.3,.746,1.2,2.8,4.0,2.8,0.6,0.2,1.8,2.2,9.1
Clifford Rozier,C,22,GSW,66,34,22.6,2.9,5.9,.485,0.0,0.1,.286,2.8,5.8,.488,.487,1.0,2.3,.447,3.0,4.3,7.4,0.7,0.5,0.6,1.3,3.0,6.8
Trevor Ruffin,PG,24,PHO,49,1,6.5,1.7,4.0,.426,0.8,2.0,.384,0.9,2.0,.469,.523,0.6,0.8,.711,0.2,0.3,0.5,1.0,0.3,0.0,1.0,1.1,4.8
Bryon Russell,SF,24,UTA,63,15,13.7,1.7,3.8,.437,0.2,0.7,.295,1.4,3.1,.469,.464,1.0,1.5,.667,0.7,1.5,2.2,0.5,0.8,0.2,0.7,1.6,4.5
John Salley,C,30,MIA,75,50,26.1,2.6,5.3,.499,0.0,0.0, ,2.6,5.3,.499,.499,2.0,2.8,.739,1.5,3.0,4.5,1.6,0.6,1.1,1.3,3.7,7.3
Danny Schayes,C,35,PHO,69,27,11.9,1.8,3.6,.508,0.0,0.0,1.000,1.8,3.6,.506,.510,0.7,1.0,.725,0.8,2.2,3.0,1.3,0.3,0.5,0.9,2.5,4.4
Steve Scheffler,C,27,SEA,18,0,5.7,0.7,1.3,.522,0.0,0.0, ,0.7,1.3,.522,.522,0.8,1.0,.833,0.4,0.8,1.3,0.2,0.1,0.1,0.2,0.5,2.2
Dwayne Schintzius,C,26,NJN,43,11,7.4,1.0,2.5,.380,0.0,0.0, ,1.0,2.5,.380,.380,0.1,0.3,.545,0.7,1.2,1.9,0.3,0.1,0.4,0.4,1.0,2.0
Detlef Schrempf,SF,32,SEA,82,82,35.2,6.4,12.2,.523,1.1,2.2,.514,5.2,10.0,.525,.569,5.3,6.4,.839,1.6,4.5,6.2,3.8,1.1,0.4,2.1,3.1,19.2
Byron Scott,PG,33,IND,80,1,19.1,3.3,7.3,.455,1.0,2.5,.389,2.3,4.8,.489,.522,2.4,2.8,.850,0.2,1.7,1.9,1.4,0.8,0.2,1.5,1.5,10.0
Dennis Scott,SF,26,ORL,62,10,24.2,4.6,10.4,.439,2.4,5.7,.426,2.1,4.7,.454,.555,1.4,1.8,.754,0.4,2.0,2.4,2.1,0.7,0.2,0.9,1.9,12.9
Malik Sealy,SG,24,LAC,60,41,26.7,4.9,11.2,.435,0.4,1.2,.301,4.5,9.9,.451,.451,2.9,3.7,.780,1.3,2.3,3.6,1.8,1.2,0.4,1.4,2.9,13.0
Rony Seikaly,C,29,GSW,36,35,28.8,4.5,8.7,.516,0.0,0.0, ,4.5,8.7,.516,.516,3.1,4.4,.694,2.1,5.3,7.4,1.3,0.6,1.0,2.9,3.4,12.1
Charles Shackleford,PF,28,MIN,21,2,11.4,1.9,3.1,.600,0.0,0.0, ,1.9,3.1,.600,.600,0.8,1.0,.800,0.8,2.4,3.2,0.4,0.4,0.3,0.4,2.2,4.5
Brian Shaw,PG,28,ORL,78,9,23.5,2.5,6.3,.389,0.6,2.4,.261,1.8,4.0,.465,.437,0.9,1.2,.737,0.7,2.4,3.1,5.2,0.9,0.2,2.4,2.4,6.4
Lionel Simmons,SF,26,SAC,58,3,18.3,2.3,5.4,.420,0.1,0.3,.375,2.2,5.1,.422,.429,1.0,1.4,.702,1.1,2.3,3.4,1.5,0.5,0.4,1.2,2.0,5.6
Dickey Simpkins,PF,22,CHI,59,5,9.9,1.3,3.1,.424,0.0,0.0, ,1.3,3.1,.424,.424,0.8,1.2,.694,1.0,1.5,2.6,0.6,0.2,0.1,0.8,1.2,3.5
Scott Skiles,PG,30,WSB,62,62,33.5,4.3,9.4,.455,1.5,3.7,.421,2.7,5.7,.476,.537,2.9,3.3,.886,0.4,2.1,2.6,7.3,1.1,0.1,2.8,2.2,13.0
Reggie Slater,PF,24,DEN,25,0,9.4,1.6,3.2,.494,0.0,0.0, ,1.6,3.2,.494,.494,1.6,2.2,.727,0.8,1.4,2.3,0.5,0.3,0.1,1.0,1.9,4.8
Charles Smith,SF,29,NYK,76,58,28.3,4.6,9.8,.471,0.1,0.4,.226,4.5,9.4,.482,.476,3.4,4.2,.792,1.9,2.4,4.3,1.6,0.6,1.3,1.9,3.8,12.7
Chris Smith,SG,24,MIN,64,17,16.8,1.8,4.1,.439,0.7,1.7,.435,1.1,2.4,.442,.528,0.6,1.0,.651,0.2,0.9,1.1,2.3,0.5,0.3,0.8,1.9,5.0
Doug Smith,PF,25,DAL,63,0,13.1,2.1,5.0,.417,0.0,0.2,.083,2.1,4.8,.430,.419,0.9,1.2,.760,0.7,1.6,2.3,0.7,0.5,0.4,0.6,2.1,5.1
Kenny Smith,PG,29,HOU,81,81,25.1,3.5,7.3,.484,1.8,4.1,.429,1.8,3.2,.553,.604,1.6,1.8,.851,0.3,1.6,1.9,4.0,0.9,0.1,1.5,1.3,10.4
Michael Smith,PF,29,LAC,29,0,11.0,2.2,4.6,.470,0.0,0.3,.125,2.1,4.3,.492,.474,0.9,1.0,.867,0.4,1.5,1.9,0.7,0.2,0.1,0.6,1.4,5.3
Michael Smith,PF,22,SAC,82,0,21.2,2.7,5.0,.542,0.0,0.0,.000,2.7,4.9,.545,.542,1.5,3.2,.485,2.1,3.8,5.9,0.8,0.7,0.6,1.3,2.9,6.9
Steve Smith,SG,25,TOT,80,61,33.3,5.4,12.6,.426,1.7,5.2,.329,3.6,7.4,.494,.494,3.9,4.6,.841,1.3,2.2,3.5,3.4,0.8,0.4,1.9,2.8,16.3
Steve Smith,SG,25,MIA,2,2,31.0,5.5,14.5,.379,1.0,6.0,.167,4.5,8.5,.529,.414,8.5,11.0,.773,2.0,1.0,3.0,3.5,1.0,0.5,2.0,4.5,20.5
Steve Smith,SG,25,ATL,78,59,33.4,5.3,12.5,.427,1.7,5.2,.334,3.6,7.3,.493,.496,3.8,4.5,.845,1.3,2.2,3.5,3.4,0.8,0.4,1.9,2.8,16.2
Tony Smith,SG,26,LAL,61,4,16.8,2.2,5.1,.427,0.5,1.5,.352,1.6,3.6,.459,.479,0.7,1.0,.698,0.7,1.0,1.8,1.7,0.8,0.1,0.8,1.8,5.6
Rik Smits,C,28,IND,78,78,30.5,7.2,13.6,.526,0.0,0.0,.000,7.2,13.6,.527,.526,3.6,4.8,.753,2.5,5.2,7.7,1.4,0.5,1.0,2.4,3.6,17.9
Elmore Spencer,C,25,LAC,19,8,19.4,2.7,6.2,.441,0.0,0.1,.000,2.7,6.2,.444,.441,1.5,2.6,.560,0.6,2.8,3.4,1.3,0.7,1.2,2.5,3.3,6.9
Felton Spencer,C,27,UTA,34,34,26.6,3.1,6.3,.488,0.0,0.0, ,3.1,6.3,.488,.488,3.1,4.0,.793,2.6,5.0,7.6,0.5,0.4,0.9,2.0,3.9,9.3
Latrell Sprewell,SG,24,GSW,69,69,40.2,7.1,17.0,.418,1.3,4.7,.276,5.8,12.2,.473,.457,5.1,6.5,.781,0.8,2.9,3.7,4.0,1.6,0.7,3.3,1.6,20.6
John Starks,SG,29,NYK,80,78,34.1,5.2,13.3,.395,2.7,7.6,.355,2.5,5.6,.448,.497,2.1,2.9,.737,0.4,2.3,2.7,5.1,1.2,0.1,2.0,3.2,15.3
Larry Stewart,SF,26,WSB,40,0,8.7,1.0,2.2,.461,0.0,0.1,.000,1.0,2.2,.471,.461,0.5,0.8,.667,0.7,1.0,1.7,0.5,0.4,0.2,0.4,1.3,2.6
Bryant Stith,SG,24,DEN,81,51,28.8,3.9,8.2,.472,0.2,0.8,.294,3.6,7.3,.492,.487,3.3,4.0,.824,1.2,2.1,3.3,1.9,1.1,0.2,1.4,1.8,11.2
John Stockton*,PG,32,UTA,82,82,35.0,5.2,9.6,.542,1.2,2.8,.449,4.0,6.9,.580,.607,3.0,3.7,.804,0.7,2.4,3.1,12.3,2.4,0.3,3.3,2.6,14.7
Mark Strickland,PF,24,IND,4,0,2.3,0.3,0.8,.333,0.0,0.0, ,0.3,0.8,.333,.333,0.3,0.5,.500,0.5,0.5,1.0,0.0,0.0,0.3,0.3,0.0,0.8
Rod Strickland,PG,28,POR,64,61,35.4,6.9,14.8,.466,0.7,1.9,.374,6.2,12.9,.480,.490,4.4,5.9,.745,1.1,3.8,5.0,8.8,1.9,0.1,3.3,1.8,18.9
Derek Strong,PF,26,BOS,70,24,19.2,2.1,4.7,.453,0.0,0.1,.286,2.1,4.6,.457,.456,2.0,2.5,.820,1.9,3.4,5.4,0.6,0.3,0.2,1.1,2.0,6.3
Greg Sutton,PG,27,CHH,53,4,13.0,1.8,4.3,.409,0.8,2.2,.374,1.0,2.2,.443,.502,0.6,0.8,.711,0.2,0.9,1.1,1.7,0.6,0.0,1.0,2.2,5.0
Aaron Swinson,SF,24,PHO,9,0,5.7,1.1,2.0,.556,0.0,0.0, ,1.1,2.0,.556,.556,0.4,0.6,.800,0.3,0.6,0.9,0.3,0.1,0.0,0.6,0.9,2.7
Zan Tabak,C,24,HOU,37,0,4.9,0.6,1.4,.453,0.0,0.0,.000,0.6,1.4,.462,.453,0.7,1.2,.614,0.6,0.9,1.5,0.1,0.1,0.2,0.5,1.0,2.0
Roy Tarpley,C,30,DAL,55,1,24.6,5.3,11.1,.479,0.1,0.3,.278,5.2,10.8,.485,.483,1.9,2.2,.836,2.6,5.6,8.2,1.1,0.8,1.0,2.0,2.8,12.6
Brooks Thompson,PG,24,ORL,38,2,6.5,1.2,3.0,.395,0.5,1.5,.310,0.7,1.5,.482,.474,0.2,0.3,.667,0.2,0.4,0.6,1.1,0.3,0.1,0.7,1.2,3.1
LaSalle Thompson,C,33,IND,38,3,11.9,1.3,3.1,.415,0.0,0.0, ,1.3,3.1,.415,.415,0.4,0.4,.875,0.7,1.6,2.3,0.5,0.5,0.3,0.9,2.0,2.9
Otis Thorpe,PF,32,TOT,70,35,29.9,5.5,9.7,.565,0.0,0.1,.000,5.5,9.6,.571,.565,2.4,4.0,.594,2.9,5.1,8.0,1.6,0.6,0.4,1.9,3.2,13.4
Otis Thorpe,PF,32,HOU,36,35,33.0,5.7,10.2,.563,0.0,0.1,.000,5.7,10.1,.567,.563,1.9,3.5,.528,3.1,5.8,8.9,1.6,0.6,0.4,2.1,2.8,13.3
Otis Thorpe,PF,32,POR,34,0,26.7,5.3,9.3,.568,0.0,0.1,.000,5.3,9.1,.576,.568,2.9,4.5,.649,2.6,4.3,6.9,1.6,0.6,0.4,1.6,3.6,13.5
Sedale Threatt,PG,33,LAL,59,2,23.5,3.7,7.4,.497,0.6,1.6,.379,3.1,5.8,.529,.538,1.5,1.9,.793,0.4,1.7,2.1,4.2,0.9,0.2,1.2,2.4,9.5
Wayman Tisdale,PF,30,PHO,65,13,19.6,4.3,8.8,.484,0.0,0.0, ,4.3,8.8,.484,.484,1.4,1.9,.770,1.3,2.5,3.8,0.7,0.4,0.4,1.0,2.9,10.0
Tom Tolbert,PF,29,CHH,10,0,5.7,0.6,1.8,.333,0.0,0.4,.000,0.6,1.4,.429,.333,0.2,0.2,1.000,0.7,1.0,1.7,0.2,0.0,0.0,0.3,0.9,1.4
Keith Tower,C,24,ORL,3,0,2.3,0.0,0.7,.000,0.0,0.0, ,0.0,0.7,.000,.000,0.3,0.7,.500,0.3,0.7,1.0,0.0,0.0,0.0,0.3,0.3,0.3
Anthony Tucker,SF,25,WSB,62,13,15.8,1.5,3.4,.457,0.0,0.0,.000,1.5,3.4,.459,.457,0.8,1.3,.614,0.7,2.0,2.7,1.1,0.7,0.2,0.9,2.1,3.9
Henry Turner,PF,28,SAC,30,0,5.0,0.8,1.9,.404,0.1,0.2,.400,0.7,1.7,.404,.421,0.7,1.2,.571,0.6,0.4,0.9,0.2,0.3,0.0,0.4,0.7,2.3
Jeff Turner,PF,32,ORL,49,5,11.8,1.5,3.6,.410,0.6,1.5,.360,0.9,2.1,.447,.486,0.5,0.6,.897,0.5,1.5,2.0,0.8,0.2,0.1,0.4,2.1,4.1
B.J. Tyler,PG,23,PHI,55,8,14.7,1.3,3.4,.381,0.3,0.9,.314,1.0,2.5,.406,.423,0.6,0.9,.700,0.2,0.9,1.1,3.2,0.7,0.0,1.8,1.1,3.5
Nick Van Exel,PG,23,LAL,80,80,36.8,5.8,13.8,.420,2.3,6.4,.358,3.5,7.5,.473,.503,2.9,3.8,.783,0.3,2.5,2.8,8.3,1.2,0.1,2.8,2.0,16.9
Loy Vaught,PF,26,LAC,80,79,37.1,7.6,14.8,.514,0.1,0.4,.212,7.5,14.4,.523,.517,2.2,3.1,.710,3.3,6.4,9.7,1.7,1.3,0.4,2.1,3.0,17.5
Fred Vinson,SG,24,ATL,5,0,5.4,0.2,1.4,.143,0.2,1.2,.167,0.0,0.2,.000,.214,0.2,0.2,1.000,0.0,0.0,0.0,0.2,0.0,0.0,0.4,0.8,0.8
Kenny Walker,SF,30,WSB,24,0,11.1,0.8,1.8,.429,0.0,0.0, ,0.8,1.8,.429,.429,0.9,1.2,.750,0.8,1.2,2.0,0.3,0.2,0.2,0.6,1.8,2.4
Rex Walters,SG,24,NJN,80,30,17.9,2.6,5.9,.439,0.9,2.5,.362,1.7,3.4,.495,.515,0.5,0.7,.769,0.2,0.9,1.2,1.5,0.5,0.2,0.9,1.7,6.5
Charlie Ward,PG,24,NYK,10,0,4.4,0.4,1.9,.211,0.1,1.0,.100,0.3,0.9,.333,.237,0.7,1.0,.700,0.1,0.5,0.6,0.4,0.2,0.0,0.8,0.7,1.6
Jamie Watson,SF,22,UTA,60,1,11.2,1.3,2.5,.500,0.1,0.3,.263,1.2,2.2,.534,.516,0.6,0.9,.679,0.3,1.0,1.2,1.0,0.6,0.2,0.9,1.4,3.3
Clarence Weatherspoon,SF,24,PHI,76,76,39.4,7.1,16.3,.439,0.1,0.3,.190,7.1,16.0,.443,.440,3.7,5.0,.751,1.9,5.0,6.9,2.8,1.5,0.9,2.5,2.6,18.1
Spud Webb,PG,31,SAC,76,76,32.3,4.0,9.1,.438,0.6,1.9,.331,3.3,7.2,.467,.473,3.0,3.2,.934,0.4,1.9,2.3,6.2,1.0,0.1,2.4,1.9,11.6
Chris Webber,PF,21,WSB,54,52,38.3,8.6,17.4,.495,0.7,2.7,.276,7.9,14.7,.535,.516,2.2,4.3,.502,3.7,5.9,9.6,4.7,1.5,1.6,3.1,3.4,20.1
Bill Wennington,C,31,CHI,73,1,13.1,2.1,4.3,.492,0.0,0.1,.000,2.1,4.3,.498,.492,0.7,0.9,.810,0.9,1.7,2.6,0.5,0.3,0.2,0.5,2.7,5.0
David Wesley,PG,24,BOS,51,36,27.1,2.5,6.1,.409,1.0,2.3,.429,1.5,3.8,.397,.490,1.4,1.8,.755,0.6,1.7,2.3,5.2,1.6,0.2,1.7,2.8,7.4
Doug West,SG,27,MIN,71,65,32.8,4.9,10.7,.461,0.2,0.9,.180,4.8,9.9,.485,.468,2.9,3.5,.837,0.8,2.4,3.2,2.6,0.9,0.3,1.8,3.5,12.9
Mark West,C,34,DET,67,58,23.0,3.2,5.8,.556,0.0,0.0, ,3.2,5.8,.556,.556,1.0,2.1,.478,2.4,3.7,6.1,0.3,0.4,1.5,1.3,3.7,7.5
Ennis Whatley,PG,32,ATL,27,2,10.8,0.9,2.0,.453,0.1,0.3,.250,0.8,1.7,.489,.472,0.7,1.2,.625,0.3,0.8,1.1,2.0,0.7,0.0,0.7,1.4,2.6
Chris Whitney,PG,23,SAS,25,0,7.2,0.6,1.9,.298,0.1,0.8,.158,0.4,1.1,.393,.330,0.4,0.4,1.000,0.2,0.4,0.5,1.1,0.2,0.0,0.7,1.4,1.7
Morlon Wiley,PG,28,TOT,43,2,9.9,1.2,2.7,.427,0.7,1.8,.380,0.5,0.9,.526,.556,0.2,0.2,.700,0.1,0.9,1.0,1.7,0.5,0.0,0.5,1.0,3.2
Morlon Wiley,PG,28,DAL,38,2,10.7,1.2,2.9,.423,0.8,2.0,.387,0.5,0.9,.500,.554,0.2,0.3,.700,0.2,0.9,1.0,1.8,0.6,0.0,0.5,1.2,3.4
Morlon Wiley,PG,28,ATL,5,0,3.4,0.6,1.2,.500,0.2,0.8,.250,0.4,0.4,1.000,.583,0.0,0.0, ,0.0,0.8,0.8,1.2,0.2,0.2,0.8,0.0,1.4
Dominique Wilkins*,SF,35,BOS,77,64,31.5,6.4,15.2,.424,1.5,3.8,.388,5.0,11.4,.436,.472,3.5,4.4,.782,2.0,3.2,5.2,2.2,0.8,0.2,2.2,1.7,17.8
Aaron Williams,PF,23,MIL,15,0,4.8,0.5,1.6,.333,0.0,0.1,.000,0.5,1.5,.348,.333,0.5,0.8,.667,0.3,0.9,1.3,0.0,0.1,0.4,0.5,0.9,1.6
Buck Williams,PF,34,POR,82,82,29.5,3.8,7.4,.512,0.0,0.0,.500,3.8,7.3,.512,.512,1.7,2.5,.673,3.1,5.1,8.2,1.0,0.8,0.8,1.5,3.1,9.2
Herb Williams,C,36,NYK,56,3,13.3,1.5,3.2,.456,0.0,0.0, ,1.5,3.2,.456,.456,0.4,0.7,.622,0.4,1.9,2.4,0.5,0.2,0.8,0.7,1.9,3.3
Hot Rod Williams,PF,32,CLE,74,73,35.7,4.9,10.9,.452,0.0,0.1,.200,4.9,10.9,.453,.452,2.6,3.9,.685,2.3,4.5,6.9,2.6,1.1,1.4,2.0,2.9,12.6
Jayson Williams,PF,26,NJN,75,6,13.1,2.0,4.3,.461,0.0,0.1,.000,2.0,4.2,.469,.461,0.9,1.6,.533,2.4,3.3,5.7,0.5,0.3,0.4,0.8,2.1,4.8
John Williams,SF,28,IND,34,0,11.8,1.2,3.4,.357,0.1,0.4,.333,1.1,3.0,.359,.374,0.4,0.7,.560,0.7,1.1,1.8,0.8,0.3,0.1,1.0,1.4,2.9
Lorenzo Williams,C,25,DAL,82,81,29.1,1.8,3.7,.477,0.0,0.0, ,1.8,3.7,.477,.477,0.5,1.2,.376,3.5,4.9,8.4,1.5,0.6,1.8,1.3,3.7,4.0
Micheal Williams,PG,28,MIN,1,1,28.0,1.0,4.0,.250,0.0,0.0, ,1.0,4.0,.250,.250,4.0,5.0,.800,0.0,1.0,1.0,3.0,2.0,0.0,3.0,3.0,6.0
Monty Williams,SF,23,NYK,41,23,12.3,1.5,3.2,.451,0.0,0.2,.000,1.5,3.0,.480,.451,0.4,0.9,.447,1.0,1.4,2.4,1.2,0.5,0.1,1.0,2.1,3.3
Reggie Williams,SF,30,DEN,74,70,29.7,5.2,11.4,.459,1.1,3.6,.320,4.1,7.8,.522,.509,1.8,2.4,.759,1.3,3.2,4.4,3.1,1.5,0.9,1.7,3.6,13.4
Scott Williams,PF,26,PHI,77,43,23.1,2.7,5.6,.475,0.0,0.1,.000,2.7,5.5,.482,.475,1.0,1.4,.738,2.2,4.1,6.3,0.8,0.9,0.5,1.1,3.1,6.4
Walt Williams,SF,24,SAC,77,77,35.6,5.8,13.0,.446,1.3,3.8,.348,4.4,9.1,.487,.497,3.5,4.7,.731,1.3,3.2,4.5,4.1,1.6,0.8,3.2,3.4,16.4
Kevin Willis,PF,32,TOT,67,63,35.7,7.1,15.1,.466,0.0,0.2,.200,7.0,14.9,.470,.467,3.1,4.4,.690,3.4,7.5,10.9,1.3,0.9,0.5,2.4,3.2,17.2
Kevin Willis,PF,32,ATL,2,2,44.5,8.0,20.5,.390,0.0,0.5,.000,8.0,20.0,.400,.390,5.0,7.5,.667,5.0,13.0,18.0,1.5,0.5,1.5,3.5,3.5,21.0
Kevin Willis,PF,32,MIA,65,61,35.4,7.0,15.0,.469,0.0,0.2,.214,7.0,14.8,.473,.471,3.0,4.3,.691,3.3,7.4,10.7,1.3,0.9,0.5,2.4,3.2,17.1
Trevor Wilson,PF,26,SAC,15,0,9.8,1.2,2.7,.450,0.0,0.0, ,1.2,2.7,.450,.450,0.7,0.9,.786,0.7,1.1,1.7,0.8,0.3,0.1,0.4,0.8,3.1
David Wingate,SG,31,CHH,52,9,9.9,1.0,2.3,.410,0.1,0.4,.182,0.9,1.9,.460,.426,0.3,0.5,.750,0.2,0.9,1.2,1.1,0.4,0.1,0.5,1.2,2.3
Dontonio Wingfield,SF,20,SEA,20,0,4.1,0.9,2.6,.353,0.1,0.6,.167,0.8,2.0,.410,.373,0.4,0.5,.800,0.6,1.0,1.5,0.2,0.3,0.2,0.4,0.8,2.3
Joe Wolf,PF,30,CHH,63,6,9.3,0.6,1.3,.469,0.0,0.1,.333,0.6,1.2,.480,.481,0.2,0.3,.750,0.5,1.5,2.0,0.6,0.1,0.1,0.3,1.6,1.4
David Wood,PF,30,GSW,78,13,17.1,2.0,4.2,.469,0.4,1.2,.341,1.6,3.0,.519,.517,1.2,1.5,.778,1.1,2.0,3.1,0.8,0.4,0.2,0.7,2.8,5.5
Randy Woods,PG,24,LAC,62,3,8.0,0.6,1.9,.316,0.4,1.2,.297,0.2,0.7,.349,.410,0.5,0.6,.737,0.2,0.5,0.7,2.2,0.7,0.0,0.9,1.4,2.0
Haywoode Workman,PG,29,IND,69,14,14.9,1.5,3.9,.375,0.5,1.4,.357,1.0,2.5,.386,.441,0.8,1.1,.743,0.3,1.3,1.6,2.8,0.9,0.1,1.1,1.7,4.2
Sharone Wright,C,22,PHI,79,49,25.9,4.6,9.8,.465,0.0,0.1,.000,4.6,9.7,.470,.465,2.3,3.6,.645,2.4,3.6,6.0,0.6,0.5,1.3,1.9,3.1,11.4
Danny Young,PG,32,MIL,7,0,11.0,1.3,2.4,.529,0.7,1.7,.417,0.6,0.7,.800,.676,0.1,0.1,1.000,0.1,0.6,0.7,1.7,0.6,0.0,0.6,1.1,3.4
